TraceID,SpanID,ParentID,PodName,OperationName,StartTimeUnixNano,EndTimeUnixNano,Duration
73c2ec052ad18504a1f4f4a115a06860,97a861227cbd7758,root,ts-gateway-service-6f6cfc45b-h5m2n,/*,1674992118527000000,1674992118695830626,168830
73c2ec052ad18504a1f4f4a115a06860,b946129f8d62ef71,97a861227cbd7758,ts-gateway-service-6f6cfc45b-h5m2n,FilteringWebHandler.handle,1674992118527436644,1674992118695635273,168198
73c2ec052ad18504a1f4f4a115a06860,38b9ca0e7e0f43af,97a861227cbd7758,ts-gateway-service-6f6cfc45b-h5m2n,HTTP POST,1674992118528309978,1674992118695796013,167486
73c2ec052ad18504a1f4f4a115a06860,641f86887bf566fc,38b9ca0e7e0f43af,ts-auth-service-7f8d7d756d-k7b9j,/api/v1/users/login,1674992118530000000,1674992118694839038,164839
73c2ec052ad18504a1f4f4a115a06860,00eb8072093901ab,641f86887bf566fc,ts-auth-service-7f8d7d756d-k7b9j,UserController.getToken,1674992118531673128,1674992118694324327,162651
73c2ec052ad18504a1f4f4a115a06860,8cbe33fcc44a438f,00eb8072093901ab,ts-auth-service-7f8d7d756d-k7b9j,HTTP GET,1674992118532985231,1674992118538162831,5177
73c2ec052ad18504a1f4f4a115a06860,e2ed913ee214f44b,8cbe33fcc44a438f,ts-verification-code-service-7b6dc75c45-2z9p2,/api/v1/verifycode/verify/{verifyCode},1674992118535000000,1674992118537684189,2684
73c2ec052ad18504a1f4f4a115a06860,8c58ea8b35ed3472,e2ed913ee214f44b,ts-verification-code-service-7b6dc75c45-2z9p2,VerifyCodeController.verifyCode,1674992118535905478,1674992118537325695,1420
73c2ec052ad18504a1f4f4a115a06860,e4d85335dc9e16f6,00eb8072093901ab,ts-auth-service-7f8d7d756d-k7b9j,UserRepository.findByUsername,1674992118538737740,1674992118540354718,1616
73c2ec052ad18504a1f4f4a115a06860,2cd7f124429588ad,00eb8072093901ab,ts-auth-service-7f8d7d756d-k7b9j,UserRepository.findByUsername,1674992118692306229,1674992118693353193,1046
73c2ec052ad18504a1f4f4a115a06860,46c580e1b085fc9d,e4d85335dc9e16f6,ts-auth-service-7f8d7d756d-k7b9j,SELECT User,1674992118538918893,1674992118540327467,1408
73c2ec052ad18504a1f4f4a115a06860,84f96720ebb86b37,2cd7f124429588ad,ts-auth-service-7f8d7d756d-k7b9j,SELECT User,1674992118692429961,1674992118693331949,901
73c2ec052ad18504a1f4f4a115a06860,e1bcc9da90d019af,46c580e1b085fc9d,ts-auth-service-7f8d7d756d-k7b9j,SELECT ts.auth_user,1674992118539574139,1674992118540115831,541
73c2ec052ad18504a1f4f4a115a06860,ebf49abc1f60173b,00eb8072093901ab,ts-auth-service-7f8d7d756d-k7b9j,SELECT ts.user_roles,1674992118642254633,1674992118692127187,49872
73c2ec052ad18504a1f4f4a115a06860,29be686483ebfde8,84f96720ebb86b37,ts-auth-service-7f8d7d756d-k7b9j,SELECT ts.auth_user,1674992118692518763,1674992118693253914,735
b144d2aeb9847591ce20ece340b16beb,67b8a1db2bcc1d38,root,ts-gateway-service-6f6cfc45b-h5m2n,/*,1674992143614000000,1674992143797622509,183622
b144d2aeb9847591ce20ece340b16beb,db56afd433e07dd8,67b8a1db2bcc1d38,ts-gateway-service-6f6cfc45b-h5m2n,FilteringWebHandler.handle,1674992143614400306,1674992143797430206,183029
b144d2aeb9847591ce20ece340b16beb,a7614e65b55c3c79,67b8a1db2bcc1d38,ts-gateway-service-6f6cfc45b-h5m2n,HTTP POST,1674992143615267945,1674992143797597490,182329
b144d2aeb9847591ce20ece340b16beb,46cc117f92c21a16,a7614e65b55c3c79,ts-auth-service-7f8d7d756d-k7b9j,/api/v1/users/login,1674992143617000000,1674992143796185307,179185
b144d2aeb9847591ce20ece340b16beb,d2079d1439b488be,46cc117f92c21a16,ts-auth-service-7f8d7d756d-k7b9j,UserController.getToken,1674992143618466554,1674992143795667103,177200
b144d2aeb9847591ce20ece340b16beb,dc6f618669598349,d2079d1439b488be,ts-auth-service-7f8d7d756d-k7b9j,HTTP GET,1674992143619625829,1674992143624553772,4927
b144d2aeb9847591ce20ece340b16beb,dab3ac6563f528d5,dc6f618669598349,ts-verification-code-service-7b6dc75c45-2z9p2,/api/v1/verifycode/verify/{verifyCode},1674992143622000000,1674992143624527023,2527
b144d2aeb9847591ce20ece340b16beb,36758aefe32a0d91,dab3ac6563f528d5,ts-verification-code-service-7b6dc75c45-2z9p2,VerifyCodeController.verifyCode,1674992143622841468,1674992143624130789,1289
b144d2aeb9847591ce20ece340b16beb,163466343a518026,d2079d1439b488be,ts-auth-service-7f8d7d756d-k7b9j,UserRepository.findByUsername,1674992143625134121,1674992143626868750,1734
b144d2aeb9847591ce20ece340b16beb,e948d9f018b9c5d6,d2079d1439b488be,ts-auth-service-7f8d7d756d-k7b9j,UserRepository.findByUsername,1674992143794091269,1674992143794767498,676
b144d2aeb9847591ce20ece340b16beb,f9dd492127c715c2,163466343a518026,ts-auth-service-7f8d7d756d-k7b9j,SELECT User,1674992143625283718,1674992143626848479,1564
b144d2aeb9847591ce20ece340b16beb,dac83c1f0209af01,e948d9f018b9c5d6,ts-auth-service-7f8d7d756d-k7b9j,SELECT User,1674992143794219359,1674992143794741353,521
b144d2aeb9847591ce20ece340b16beb,1e3c7445f0e2839a,f9dd492127c715c2,ts-auth-service-7f8d7d756d-k7b9j,SELECT ts.auth_user,1674992143626231951,1674992143626668145,436
b144d2aeb9847591ce20ece340b16beb,7e55e891360bb37a,d2079d1439b488be,ts-auth-service-7f8d7d756d-k7b9j,SELECT ts.user_roles,1674992143793201659,1674992143793909653,707
b144d2aeb9847591ce20ece340b16beb,a7a1231086871c43,dac83c1f0209af01,ts-auth-service-7f8d7d756d-k7b9j,SELECT ts.auth_user,1674992143794298612,1674992143794693169,394
ba6a7abc60f3ab44fa6aa5e49abb839c,8cb9d98b3cd2f78a,root,ts-gateway-service-6f6cfc45b-h5m2n,/*,1674992134611000000,1674992134803473512,192473
ba6a7abc60f3ab44fa6aa5e49abb839c,43b51e04c636259e,8cb9d98b3cd2f78a,ts-gateway-service-6f6cfc45b-h5m2n,FilteringWebHandler.handle,1674992134611480076,1674992134803289916,191809
ba6a7abc60f3ab44fa6aa5e49abb839c,38fe40ab96d05cc5,8cb9d98b3cd2f78a,ts-gateway-service-6f6cfc45b-h5m2n,HTTP POST,1674992134612439323,1674992134803442347,191003
ba6a7abc60f3ab44fa6aa5e49abb839c,00b1e8907dcc1b6d,38fe40ab96d05cc5,ts-auth-service-7f8d7d756d-k7b9j,/api/v1/users/login,1674992134615000000,1674992134802676864,187676
ba6a7abc60f3ab44fa6aa5e49abb839c,039ea230cc40e77f,00b1e8907dcc1b6d,ts-auth-service-7f8d7d756d-k7b9j,UserController.getToken,1674992134617429904,1674992134802005609,184575
ba6a7abc60f3ab44fa6aa5e49abb839c,b7a4f29b43cb3bff,039ea230cc40e77f,ts-auth-service-7f8d7d756d-k7b9j,HTTP GET,1674992134619149214,1674992134624627483,5478
ba6a7abc60f3ab44fa6aa5e49abb839c,98ec3dfb01ad8153,b7a4f29b43cb3bff,ts-verification-code-service-7b6dc75c45-2z9p2,/api/v1/verifycode/verify/{verifyCode},1674992134622000000,1674992134624531005,2531
ba6a7abc60f3ab44fa6aa5e49abb839c,931a6cd18452ffb9,98ec3dfb01ad8153,ts-verification-code-service-7b6dc75c45-2z9p2,VerifyCodeController.verifyCode,1674992134622857313,1674992134624223774,1366
ba6a7abc60f3ab44fa6aa5e49abb839c,fa1f44c421fdaeae,039ea230cc40e77f,ts-auth-service-7f8d7d756d-k7b9j,UserRepository.findByUsername,1674992134625329555,1674992134627044833,1715
ba6a7abc60f3ab44fa6aa5e49abb839c,9882819247791078,039ea230cc40e77f,ts-auth-service-7f8d7d756d-k7b9j,UserRepository.findByUsername,1674992134799883898,1674992134800745267,861
ba6a7abc60f3ab44fa6aa5e49abb839c,f2569d4a51b5d569,fa1f44c421fdaeae,ts-auth-service-7f8d7d756d-k7b9j,SELECT User,1674992134625567028,1674992134627002347,1435
ba6a7abc60f3ab44fa6aa5e49abb839c,9a4122d881464e81,9882819247791078,ts-auth-service-7f8d7d756d-k7b9j,SELECT User,1674992134800099615,1674992134800723245,623
ba6a7abc60f3ab44fa6aa5e49abb839c,2793add27435bef9,f2569d4a51b5d569,ts-auth-service-7f8d7d756d-k7b9j,SELECT ts.auth_user,1674992134626224391,1674992134626771790,547
ba6a7abc60f3ab44fa6aa5e49abb839c,13579f73ff8afec9,039ea230cc40e77f,ts-auth-service-7f8d7d756d-k7b9j,SELECT ts.user_roles,1674992134798855752,1674992134799655269,799
ba6a7abc60f3ab44fa6aa5e49abb839c,2ced7c0c7f719908,9a4122d881464e81,ts-auth-service-7f8d7d756d-k7b9j,SELECT ts.auth_user,1674992134800193559,1674992134800629000,435
91d31b79c9cfbe7a5c66977a153a0617,7f428cdc2e64e030,root,ts-gateway-service-6f6cfc45b-h5m2n,/*,1674992156829000000,1674992157002634604,173634
91d31b79c9cfbe7a5c66977a153a0617,f933d182cc6200df,7f428cdc2e64e030,ts-gateway-service-6f6cfc45b-h5m2n,FilteringWebHandler.handle,1674992156829648404,1674992157002471132,172822
91d31b79c9cfbe7a5c66977a153a0617,3a2840daca604d88,7f428cdc2e64e030,ts-gateway-service-6f6cfc45b-h5m2n,HTTP POST,1674992156830694371,1674992157002571453,171877
91d31b79c9cfbe7a5c66977a153a0617,33b1add3c5499bd2,3a2840daca604d88,ts-auth-service-7f8d7d756d-k7b9j,/api/v1/users/login,1674992156833000000,1674992157001444954,168444
91d31b79c9cfbe7a5c66977a153a0617,7bb489c65701c78b,33b1add3c5499bd2,ts-auth-service-7f8d7d756d-k7b9j,UserController.getToken,1674992156835277675,1674992157000886556,165608
91d31b79c9cfbe7a5c66977a153a0617,38846e723ca49306,7bb489c65701c78b,ts-auth-service-7f8d7d756d-k7b9j,HTTP GET,1674992156836942821,1674992156842811095,5868
91d31b79c9cfbe7a5c66977a153a0617,a6140727d4d1e8ad,38846e723ca49306,ts-verification-code-service-7b6dc75c45-2z9p2,/api/v1/verifycode/verify/{verifyCode},1674992156840000000,1674992156842799147,2799
91d31b79c9cfbe7a5c66977a153a0617,75927d90b6aadb52,a6140727d4d1e8ad,ts-verification-code-service-7b6dc75c45-2z9p2,VerifyCodeController.verifyCode,1674992156841056388,1674992156842438332,1381
91d31b79c9cfbe7a5c66977a153a0617,16146c89fb7d6a03,7bb489c65701c78b,ts-auth-service-7f8d7d756d-k7b9j,UserRepository.findByUsername,1674992156843443812,1674992156846046942,2603
91d31b79c9cfbe7a5c66977a153a0617,ccd7a068b2ded594,7bb489c65701c78b,ts-auth-service-7f8d7d756d-k7b9j,UserRepository.findByUsername,1674992156999095431,1674992156999851719,756
91d31b79c9cfbe7a5c66977a153a0617,da45969287235ecc,16146c89fb7d6a03,ts-auth-service-7f8d7d756d-k7b9j,SELECT User,1674992156843650766,1674992156846022158,2371
91d31b79c9cfbe7a5c66977a153a0617,08f892960c1e11ec,ccd7a068b2ded594,ts-auth-service-7f8d7d756d-k7b9j,SELECT User,1674992156999249942,1674992156999823451,573
91d31b79c9cfbe7a5c66977a153a0617,378667a4c0c6262c,da45969287235ecc,ts-auth-service-7f8d7d756d-k7b9j,SELECT ts.auth_user,1674992156845171705,1674992156845791283,619
91d31b79c9cfbe7a5c66977a153a0617,3056089956669fd3,7bb489c65701c78b,ts-auth-service-7f8d7d756d-k7b9j,SELECT ts.user_roles,1674992156998064363,1674992156998894049,829
91d31b79c9cfbe7a5c66977a153a0617,9b30c68cee8a1578,08f892960c1e11ec,ts-auth-service-7f8d7d756d-k7b9j,SELECT ts.auth_user,1674992156999369593,1674992156999771888,402
18c052cc3cd92a11dfcb6a77de81491a,c0d5e50f0e9991b5,root,ts-gateway-service-6f6cfc45b-h5m2n,/*,1674992132077000000,1674992132364922730,287922
18c052cc3cd92a11dfcb6a77de81491a,769567a75d4603d5,c0d5e50f0e9991b5,ts-gateway-service-6f6cfc45b-h5m2n,FilteringWebHandler.handle,1674992132077673964,1674992132364679465,287005
18c052cc3cd92a11dfcb6a77de81491a,906f4ce57cb66feb,c0d5e50f0e9991b5,ts-gateway-service-6f6cfc45b-h5m2n,HTTP POST,1674992132078734963,1674992132364829615,286094
18c052cc3cd92a11dfcb6a77de81491a,f63a59a5c42e5249,906f4ce57cb66feb,ts-preserve-other-service-66646bdb5b-fw7x9,/api/v1/preserveotherservice/preserveOther,1674992132081000000,1674992132363032184,282032
18c052cc3cd92a11dfcb6a77de81491a,46959170f6b65cb2,f63a59a5c42e5249,ts-preserve-other-service-66646bdb5b-fw7x9,PreserveOtherController.preserve,1674992132084158486,1674992132358366242,274207
18c052cc3cd92a11dfcb6a77de81491a,045baf398097d166,f63a59a5c42e5249,ts-preserve-other-service-66646bdb5b-fw7x9,BasicErrorController.error,1674992132361941692,1674992132362776778,835
18c052cc3cd92a11dfcb6a77de81491a,b5bfe618a72839ca,46959170f6b65cb2,ts-preserve-other-service-66646bdb5b-fw7x9,HTTP GET,1674992132086697497,1674992132128951104,42253
18c052cc3cd92a11dfcb6a77de81491a,d6ab137f895f6eec,46959170f6b65cb2,ts-preserve-other-service-66646bdb5b-fw7x9,HTTP GET,1674992132130003302,1674992132144418085,14414
18c052cc3cd92a11dfcb6a77de81491a,b783f1ac13fc8af5,46959170f6b65cb2,ts-preserve-other-service-66646bdb5b-fw7x9,HTTP POST,1674992132146039271,1674992132356279436,210240
18c052cc3cd92a11dfcb6a77de81491a,aef6d14cf8be3981,b5bfe618a72839ca,ts-security-service-cb9788d56-mrzv2,/api/v1/securityservice/securityConfigs/{accountId},1674992132091000000,1674992132129525991,38525
18c052cc3cd92a11dfcb6a77de81491a,085581edb9346a05,aef6d14cf8be3981,ts-security-service-cb9788d56-mrzv2,SecurityController.check,1674992132092255839,1674992132129015675,36759
18c052cc3cd92a11dfcb6a77de81491a,c675a89ec80dc0f0,085581edb9346a05,ts-security-service-cb9788d56-mrzv2,HTTP GET,1674992132093053586,1674992132111722097,18668
18c052cc3cd92a11dfcb6a77de81491a,0b24c9fee2a32524,085581edb9346a05,ts-security-service-cb9788d56-mrzv2,HTTP GET,1674992132112318308,1674992132125636097,13317
18c052cc3cd92a11dfcb6a77de81491a,84136a7f76fee41b,c675a89ec80dc0f0,ts-order-service-5b67c48447-mv5hb,/api/v1/orderservice/order/security/{checkDate}/{accountId},1674992132094000000,1674992132110961712,16961
18c052cc3cd92a11dfcb6a77de81491a,276da24f1ba31ba1,84136a7f76fee41b,ts-order-service-5b67c48447-mv5hb,OrderController.securityInfoCheck,1674992132094553526,1674992132110694978,16141
18c052cc3cd92a11dfcb6a77de81491a,4a45ca80c03411a5,276da24f1ba31ba1,ts-order-service-5b67c48447-mv5hb,OrderRepository.findByAccountId,1674992132095101625,1674992132108813930,13712
18c052cc3cd92a11dfcb6a77de81491a,f5ac1176ff31412a,4a45ca80c03411a5,ts-order-service-5b67c48447-mv5hb,SELECT Order,1674992132095166408,1674992132108798272,13631
18c052cc3cd92a11dfcb6a77de81491a,66ef662ca462f51a,f5ac1176ff31412a,ts-order-service-5b67c48447-mv5hb,SELECT ts.orders,1674992132095912810,1674992132103258206,7345
18c052cc3cd92a11dfcb6a77de81491a,40073f249f22d006,0b24c9fee2a32524,ts-order-other-service-6cdbf9b4cc-h7mqk,/api/v1/orderOtherService/orderOther/security/{checkDate}/{accountId},1674992132113000000,1674992132125262961,12262
18c052cc3cd92a11dfcb6a77de81491a,2ab7b5f0c7cd156d,173ea09025177959,ts-order-other-service-6cdbf9b4cc-h7mqk,/api/v1/orderOtherService/orderOther/tickets,1674992132217000000,1674992132227682117,10682
18c052cc3cd92a11dfcb6a77de81491a,6d50d1e82c79b38f,2112517a821c5174,ts-order-other-service-6cdbf9b4cc-h7mqk,/api/v1/orderOtherService/orderOther/tickets,1674992132278000000,1674992132299778483,21778
18c052cc3cd92a11dfcb6a77de81491a,a933ce3ffeaeeaac,40073f249f22d006,ts-order-other-service-6cdbf9b4cc-h7mqk,OrderOtherController.securityInfoCheck,1674992132113555977,1674992132125011604,11455
18c052cc3cd92a11dfcb6a77de81491a,d6463107a2b0ceaf,2ab7b5f0c7cd156d,ts-order-other-service-6cdbf9b4cc-h7mqk,OrderOtherController.getTicketListByDateAndTripId,1674992132217426161,1674992132227487889,10061
18c052cc3cd92a11dfcb6a77de81491a,0442b81a19e76c3c,6d50d1e82c79b38f,ts-order-other-service-6cdbf9b4cc-h7mqk,OrderOtherController.getTicketListByDateAndTripId,1674992132278410330,1674992132299578431,21168
18c052cc3cd92a11dfcb6a77de81491a,de5519bbf7c32baf,a933ce3ffeaeeaac,ts-order-other-service-6cdbf9b4cc-h7mqk,OrderOtherRepository.findByAccountId,1674992132114058905,1674992132123091885,9032
18c052cc3cd92a11dfcb6a77de81491a,98fb43f6b069c9b8,d6463107a2b0ceaf,ts-order-other-service-6cdbf9b4cc-h7mqk,OrderOtherRepository.findByTravelDateAndTrainNumber,1674992132217916261,1674992132226372295,8456
18c052cc3cd92a11dfcb6a77de81491a,8b9963c62b7d2b6c,0442b81a19e76c3c,ts-order-other-service-6cdbf9b4cc-h7mqk,OrderOtherRepository.findByTravelDateAndTrainNumber,1674992132278899429,1674992132298333999,19434
18c052cc3cd92a11dfcb6a77de81491a,5f451aa0742e31aa,de5519bbf7c32baf,ts-order-other-service-6cdbf9b4cc-h7mqk,SELECT Order,1674992132114117604,1674992132123077938,8960
18c052cc3cd92a11dfcb6a77de81491a,d84312af8b85fda4,98fb43f6b069c9b8,ts-order-other-service-6cdbf9b4cc-h7mqk,SELECT Order,1674992132217971721,1674992132226361037,8389
18c052cc3cd92a11dfcb6a77de81491a,ede0a3176b2719f1,8b9963c62b7d2b6c,ts-order-other-service-6cdbf9b4cc-h7mqk,SELECT Order,1674992132278961625,1674992132298321679,19360
18c052cc3cd92a11dfcb6a77de81491a,0b2fe38d461e636e,5f451aa0742e31aa,ts-order-other-service-6cdbf9b4cc-h7mqk,SELECT ts.orders_other,1674992132114228100,1674992132118814357,4586
18c052cc3cd92a11dfcb6a77de81491a,ce9682269c9d35f1,d84312af8b85fda4,ts-order-other-service-6cdbf9b4cc-h7mqk,SELECT ts.orders_other,1674992132218071225,1674992132222667875,4596
18c052cc3cd92a11dfcb6a77de81491a,50a199d72cdf3f3a,ede0a3176b2719f1,ts-order-other-service-6cdbf9b4cc-h7mqk,SELECT ts.orders_other,1674992132279071157,1674992132283605785,4534
18c052cc3cd92a11dfcb6a77de81491a,9e521e2e3a4eb5ec,085581edb9346a05,ts-security-service-cb9788d56-mrzv2,SecurityRepository.findByName,1674992132126251543,1674992132127621518,1369
18c052cc3cd92a11dfcb6a77de81491a,773bf19531b833cd,085581edb9346a05,ts-security-service-cb9788d56-mrzv2,SecurityRepository.findByName,1674992132127637549,1674992132128405701,768
18c052cc3cd92a11dfcb6a77de81491a,0f8a2cccb2bb1a5b,9e521e2e3a4eb5ec,ts-security-service-cb9788d56-mrzv2,SELECT SecurityConfig,1674992132126360405,1674992132127613608,1253
18c052cc3cd92a11dfcb6a77de81491a,b08715a92b449a86,773bf19531b833cd,ts-security-service-cb9788d56-mrzv2,SELECT SecurityConfig,1674992132127704850,1674992132128400378,695
18c052cc3cd92a11dfcb6a77de81491a,0de4dba9c2bed8cf,0f8a2cccb2bb1a5b,ts-security-service-cb9788d56-mrzv2,SELECT ts.security_config,1674992132126972384,1674992132127393554,421
18c052cc3cd92a11dfcb6a77de81491a,93df691d25fa7fa3,b08715a92b449a86,ts-security-service-cb9788d56-mrzv2,SELECT ts.security_config,1674992132127770049,1674992132128213119,443
18c052cc3cd92a11dfcb6a77de81491a,f4fdc007829ae210,d6ab137f895f6eec,ts-contacts-service-866bd68c97-xcqfx,/api/v1/contactservice/contacts/{id},1674992132134000000,1674992132144983295,10983
18c052cc3cd92a11dfcb6a77de81491a,7b0d0831d2a338ec,f4fdc007829ae210,ts-contacts-service-866bd68c97-xcqfx,ContactsController.getContactsByContactsId,1674992132135766241,1674992132144235152,8468
18c052cc3cd92a11dfcb6a77de81491a,79b34d92d51bb0eb,7b0d0831d2a338ec,ts-contacts-service-866bd68c97-xcqfx,ContactsRepository.findById,1674992132138188851,1674992132143090558,4901
18c052cc3cd92a11dfcb6a77de81491a,2c4d03e380bfb6d5,79b34d92d51bb0eb,ts-contacts-service-866bd68c97-xcqfx,Session.find contacts.entity.Contacts,1674992132139894752,1674992132141417039,1522
18c052cc3cd92a11dfcb6a77de81491a,69b0f24e7cdc249e,79b34d92d51bb0eb,ts-contacts-service-866bd68c97-xcqfx,Transaction.commit,1674992132141454539,1674992132142554552,1100
18c052cc3cd92a11dfcb6a77de81491a,ac54d85019821965,2c4d03e380bfb6d5,ts-contacts-service-866bd68c97-xcqfx,SELECT ts.contacts,1674992132140103727,1674992132140847842,744
18c052cc3cd92a11dfcb6a77de81491a,ff3f0f0602259dbb,b783f1ac13fc8af5,ts-travel2-service-5c66d57d58-6mp2b,/api/v1/travel2service/trip_detail,1674992132150000000,1674992132356649322,206649
18c052cc3cd92a11dfcb6a77de81491a,b49f067915cb6368,ff3f0f0602259dbb,ts-travel2-service-5c66d57d58-6mp2b,Travel2Controller.getTripAllDetailInfo,1674992132150891099,1674992132356231152,205340
18c052cc3cd92a11dfcb6a77de81491a,db19ad3e86ed9b50,b49f067915cb6368,ts-travel2-service-5c66d57d58-6mp2b,TripRepository.findByTripId,1674992132151526459,1674992132153380879,1854
18c052cc3cd92a11dfcb6a77de81491a,6d10854a22d49cb7,b49f067915cb6368,ts-travel2-service-5c66d57d58-6mp2b,TripRepository.findByTripId,1674992132354755327,1674992132355864948,1109
18c052cc3cd92a11dfcb6a77de81491a,1150e8ad3ef0ca44,db19ad3e86ed9b50,ts-travel2-service-5c66d57d58-6mp2b,SELECT Trip,1674992132151816580,1674992132153334195,1517
18c052cc3cd92a11dfcb6a77de81491a,003187f2c1fc0fa9,6d10854a22d49cb7,ts-travel2-service-5c66d57d58-6mp2b,SELECT Trip,1674992132354889385,1674992132355853284,963
18c052cc3cd92a11dfcb6a77de81491a,84f1f5d9f4cd6dc1,1150e8ad3ef0ca44,ts-travel2-service-5c66d57d58-6mp2b,SELECT ts.trip2,1674992132152608115,1674992132153235721,627
18c052cc3cd92a11dfcb6a77de81491a,d5e050eccfe1b143,003187f2c1fc0fa9,ts-travel2-service-5c66d57d58-6mp2b,SELECT ts.trip2,1674992132355061222,1674992132355782510,721
18c052cc3cd92a11dfcb6a77de81491a,7a4a8778d6360856,b49f067915cb6368,ts-travel2-service-5c66d57d58-6mp2b,HTTP POST,1674992132153640639,1674992132196060218,42419
18c052cc3cd92a11dfcb6a77de81491a,778c18ab89625174,b49f067915cb6368,ts-travel2-service-5c66d57d58-6mp2b,HTTP POST,1674992132197432978,1674992132271835390,74402
18c052cc3cd92a11dfcb6a77de81491a,b50de5110ec196e8,b49f067915cb6368,ts-travel2-service-5c66d57d58-6mp2b,HTTP POST,1674992132272818686,1674992132353631755,80813
18c052cc3cd92a11dfcb6a77de81491a,a22991200f3995c3,7a4a8778d6360856,ts-basic-service-5dc8d4f9fd-46997,/api/v1/basicservice/basic/travel,1674992132155000000,1674992132195274650,40274
18c052cc3cd92a11dfcb6a77de81491a,b0b8f205aac84b19,a22991200f3995c3,ts-basic-service-5dc8d4f9fd-46997,BasicController.queryForTravel,1674992132155414918,1674992132195146134,39731
18c052cc3cd92a11dfcb6a77de81491a,c7abd171d0ee46f6,b0b8f205aac84b19,ts-basic-service-5dc8d4f9fd-46997,HTTP GET,1674992132156294508,1674992132161031698,4737
18c052cc3cd92a11dfcb6a77de81491a,f69c0079a0371a58,b0b8f205aac84b19,ts-basic-service-5dc8d4f9fd-46997,HTTP GET,1674992132161591544,1674992132163840890,2249
18c052cc3cd92a11dfcb6a77de81491a,115947023d7408d5,b0b8f205aac84b19,ts-basic-service-5dc8d4f9fd-46997,HTTP GET,1674992132164286845,1674992132171891281,7604
18c052cc3cd92a11dfcb6a77de81491a,2349e3e8f59e06ef,b0b8f205aac84b19,ts-basic-service-5dc8d4f9fd-46997,HTTP GET,1674992132172572694,1674992132185358346,12785
18c052cc3cd92a11dfcb6a77de81491a,b1c53cc8d26dfc30,b0b8f205aac84b19,ts-basic-service-5dc8d4f9fd-46997,HTTP GET,1674992132186798440,1674992132193781356,6982
18c052cc3cd92a11dfcb6a77de81491a,e254aeaced69a25d,c7abd171d0ee46f6,ts-station-service-7f4f5f6f77-5qb6j,/api/v1/stationservice/stations/id/{stationNameForId},1674992132157000000,1674992132160499069,3499
18c052cc3cd92a11dfcb6a77de81491a,c9e035284246c1ba,f69c0079a0371a58,ts-station-service-7f4f5f6f77-5qb6j,/api/v1/stationservice/stations/id/{stationNameForId},1674992132162000000,1674992132163552920,1552
18c052cc3cd92a11dfcb6a77de81491a,45aaa428550bc2da,e254aeaced69a25d,ts-station-service-7f4f5f6f77-5qb6j,StationController.queryForStationId,1674992132157586844,1674992132160338606,2751
18c052cc3cd92a11dfcb6a77de81491a,f37e9fd3ebea7010,c9e035284246c1ba,ts-station-service-7f4f5f6f77-5qb6j,StationController.queryForStationId,1674992132162324163,1674992132163423969,1099
18c052cc3cd92a11dfcb6a77de81491a,2ca66eff8b23ef50,45aaa428550bc2da,ts-station-service-7f4f5f6f77-5qb6j,StationRepository.findByName,1674992132158080478,1674992132160075677,1995
18c052cc3cd92a11dfcb6a77de81491a,94cf34253bedf40c,f37e9fd3ebea7010,ts-station-service-7f4f5f6f77-5qb6j,StationRepository.findByName,1674992132162632522,1674992132163275426,642
18c052cc3cd92a11dfcb6a77de81491a,eaf1549a59b0c644,2ca66eff8b23ef50,ts-station-service-7f4f5f6f77-5qb6j,SELECT Station,1674992132158166387,1674992132160069327,1902
18c052cc3cd92a11dfcb6a77de81491a,23d52a0b510dd1ac,94cf34253bedf40c,ts-station-service-7f4f5f6f77-5qb6j,SELECT Station,1674992132162678575,1674992132163272180,593
18c052cc3cd92a11dfcb6a77de81491a,85cc3f585282489d,eaf1549a59b0c644,ts-station-service-7f4f5f6f77-5qb6j,SELECT ts.station,1674992132159496034,1674992132160002880,506
18c052cc3cd92a11dfcb6a77de81491a,44681347f861fce2,23d52a0b510dd1ac,ts-station-service-7f4f5f6f77-5qb6j,SELECT ts.station,1674992132162740549,1674992132163236757,496
18c052cc3cd92a11dfcb6a77de81491a,50987413082bb837,115947023d7408d5,ts-train-service-86f5f97bc9-dkqmf,/api/v1/trainservice/trains/byName/{name},1674992132166000000,1674992132171643458,5643
18c052cc3cd92a11dfcb6a77de81491a,cf25fdf202f4f28d,50987413082bb837,ts-train-service-86f5f97bc9-dkqmf,TrainController.retrieveByName,1674992132167505743,1674992132171226425,3720
18c052cc3cd92a11dfcb6a77de81491a,9dfc9c4f1f89b813,cf25fdf202f4f28d,ts-train-service-86f5f97bc9-dkqmf,TrainTypeRepository.findByName,1674992132168577237,1674992132170673854,2096
18c052cc3cd92a11dfcb6a77de81491a,4e937b0eacb5894b,9dfc9c4f1f89b813,ts-train-service-86f5f97bc9-dkqmf,SELECT TrainType,1674992132168807006,1674992132170660454,1853
18c052cc3cd92a11dfcb6a77de81491a,8e0175ac8faab463,4e937b0eacb5894b,ts-train-service-86f5f97bc9-dkqmf,SELECT ts.train_type,1674992132169763429,1674992132170520602,757
18c052cc3cd92a11dfcb6a77de81491a,07d3ceb7ae7766b2,2349e3e8f59e06ef,ts-route-service-b6c59fb57-zv8dt,/api/v1/routeservice/routes/{routeId},1674992132174000000,1674992132184718222,10718
18c052cc3cd92a11dfcb6a77de81491a,68fb5987d7f039f6,07d3ceb7ae7766b2,ts-route-service-b6c59fb57-zv8dt,RouteController.queryById,1674992132175373035,1674992132184257797,8884
18c052cc3cd92a11dfcb6a77de81491a,d4af0c5b5c6697d7,68fb5987d7f039f6,ts-route-service-b6c59fb57-zv8dt,RouteRepository.findById,1674992132176565842,1674992132181427480,4861
18c052cc3cd92a11dfcb6a77de81491a,a8b2ec134216db7e,d4af0c5b5c6697d7,ts-route-service-b6c59fb57-zv8dt,Session.find route.entity.Route,1674992132178441177,1674992132179663967,1222
18c052cc3cd92a11dfcb6a77de81491a,d38b97003a01f5e4,d4af0c5b5c6697d7,ts-route-service-b6c59fb57-zv8dt,Transaction.commit,1674992132179687491,1674992132180852648,1165
18c052cc3cd92a11dfcb6a77de81491a,58506e81237ddc41,a8b2ec134216db7e,ts-route-service-b6c59fb57-zv8dt,SELECT ts.route,1674992132178661810,1674992132179461470,799
18c052cc3cd92a11dfcb6a77de81491a,541be7de3d47ffcb,68fb5987d7f039f6,ts-route-service-b6c59fb57-zv8dt,SELECT ts.route_stations,1674992132181840987,1674992132182847055,1006
18c052cc3cd92a11dfcb6a77de81491a,938af806ad48427d,68fb5987d7f039f6,ts-route-service-b6c59fb57-zv8dt,SELECT ts.route_distances,1674992132183062873,1674992132183910385,847
18c052cc3cd92a11dfcb6a77de81491a,677e6270b572fe73,b1c53cc8d26dfc30,ts-price-service-76846864d9-g465z,/api/v1/priceservice/prices/{routeId}/{trainType},1674992132188000000,1674992132193263501,5263
18c052cc3cd92a11dfcb6a77de81491a,e08a4d920bbb8a4f,677e6270b572fe73,ts-price-service-76846864d9-g465z,PriceController.query,1674992132189256904,1674992132192805933,3549
18c052cc3cd92a11dfcb6a77de81491a,9b205610950ec0da,e08a4d920bbb8a4f,ts-price-service-76846864d9-g465z,PriceConfigRepository.findByRouteIdAndTrainType,1674992132190703054,1674992132192289347,1586
18c052cc3cd92a11dfcb6a77de81491a,d29b1f0503ddbf6b,9b205610950ec0da,ts-price-service-76846864d9-g465z,SELECT PriceConfig,1674992132190927941,1674992132192275062,1347
18c052cc3cd92a11dfcb6a77de81491a,b7532e597b909891,d29b1f0503ddbf6b,ts-price-service-76846864d9-g465z,SELECT ts.price_config,1674992132191078815,1674992132192126757,1047
18c052cc3cd92a11dfcb6a77de81491a,9c7dad45cace202b,778c18ab89625174,ts-seat-service-5c95b49cff-tdsdz,/api/v1/seatservice/seats/left_tickets,1674992132213000000,1674992132269839711,56839
18c052cc3cd92a11dfcb6a77de81491a,e4f612be73f9bf4d,b50de5110ec196e8,ts-seat-service-5c95b49cff-tdsdz,/api/v1/seatservice/seats/left_tickets,1674992132274000000,1674992132352002426,78002
18c052cc3cd92a11dfcb6a77de81491a,b774b7a7bd7b1bf1,9c7dad45cace202b,ts-seat-service-5c95b49cff-tdsdz,SeatController.getLeftTicketOfInterval,1674992132213610568,1674992132269635743,56025
18c052cc3cd92a11dfcb6a77de81491a,5eebc11b0d567d3e,e4f612be73f9bf4d,ts-seat-service-5c95b49cff-tdsdz,SeatController.getLeftTicketOfInterval,1674992132274531821,1674992132351785379,77253
18c052cc3cd92a11dfcb6a77de81491a,173ea09025177959,b774b7a7bd7b1bf1,ts-seat-service-5c95b49cff-tdsdz,HTTP POST,1674992132215618024,1674992132229080858,13462
18c052cc3cd92a11dfcb6a77de81491a,8f60696d85b725f9,b774b7a7bd7b1bf1,ts-seat-service-5c95b49cff-tdsdz,HTTP GET,1674992132263855232,1674992132268531246,4676
18c052cc3cd92a11dfcb6a77de81491a,2112517a821c5174,5eebc11b0d567d3e,ts-seat-service-5c95b49cff-tdsdz,HTTP POST,1674992132276544252,1674992132300333263,23789
18c052cc3cd92a11dfcb6a77de81491a,a8a0d3ae07951035,5eebc11b0d567d3e,ts-seat-service-5c95b49cff-tdsdz,HTTP GET,1674992132334035664,1674992132350716486,16680
18c052cc3cd92a11dfcb6a77de81491a,8bc6aae6ded045c7,8f60696d85b725f9,ts-config-service-5fcd447d84-wxwjd,/api/v1/configservice/configs/{configName},1674992132266000000,1674992132268165954,2165
18c052cc3cd92a11dfcb6a77de81491a,e15993d8d600ce7d,a8a0d3ae07951035,ts-config-service-5fcd447d84-wxwjd,/api/v1/configservice/configs/{configName},1674992132335000000,1674992132336890260,1890
18c052cc3cd92a11dfcb6a77de81491a,5065cd8cd30657f6,8bc6aae6ded045c7,ts-config-service-5fcd447d84-wxwjd,ConfigController.retrieve,1674992132266429777,1674992132268053640,1623
18c052cc3cd92a11dfcb6a77de81491a,d529e156c1751ed8,e15993d8d600ce7d,ts-config-service-5fcd447d84-wxwjd,ConfigController.retrieve,1674992132335340482,1674992132336785003,1444
18c052cc3cd92a11dfcb6a77de81491a,61498434da344b24,5065cd8cd30657f6,ts-config-service-5fcd447d84-wxwjd,ConfigRepository.findByName,1674992132266823421,1674992132267640728,817
18c052cc3cd92a11dfcb6a77de81491a,c4a3430ddf71b40e,d529e156c1751ed8,ts-config-service-5fcd447d84-wxwjd,ConfigRepository.findByName,1674992132335666345,1674992132336399283,732
18c052cc3cd92a11dfcb6a77de81491a,17b1ef11e0d0f6f5,61498434da344b24,ts-config-service-5fcd447d84-wxwjd,SELECT Config,1674992132266897648,1674992132267637288,739
18c052cc3cd92a11dfcb6a77de81491a,005d6c91955188a0,c4a3430ddf71b40e,ts-config-service-5fcd447d84-wxwjd,SELECT Config,1674992132335744871,1674992132336396426,651
18c052cc3cd92a11dfcb6a77de81491a,769b571421de3859,17b1ef11e0d0f6f5,ts-config-service-5fcd447d84-wxwjd,SELECT ts.config,1674992132266965215,1674992132267592969,627
18c052cc3cd92a11dfcb6a77de81491a,e2c2ad35e1a5b2c6,005d6c91955188a0,ts-config-service-5fcd447d84-wxwjd,SELECT ts.config,1674992132335825142,1674992132336360965,535
3b64b2146c5411ae29cf7702445568e5,4f4f4ac59b487468,root,ts-gateway-service-6f6cfc45b-h5m2n,/*,1674992131326000000,1674992131945427994,619427
3b64b2146c5411ae29cf7702445568e5,caa9612d1f1f3702,4f4f4ac59b487468,ts-gateway-service-6f6cfc45b-h5m2n,FilteringWebHandler.handle,1674992131326831560,1674992131945118135,618286
3b64b2146c5411ae29cf7702445568e5,c2f2a8504c230e80,4f4f4ac59b487468,ts-gateway-service-6f6cfc45b-h5m2n,HTTP POST,1674992131327705203,1674992131945287527,617582
3b64b2146c5411ae29cf7702445568e5,26929f5d5699344d,c2f2a8504c230e80,ts-travel2-service-5c66d57d58-6mp2b,/api/v1/travel2service/trips/left,1674992131330000000,1674992131943367445,613367
3b64b2146c5411ae29cf7702445568e5,c2838bbe3b9c9e63,26929f5d5699344d,ts-travel2-service-5c66d57d58-6mp2b,Travel2Controller.queryInfo,1674992131331155064,1674992131942969137,611814
3b64b2146c5411ae29cf7702445568e5,28848085b1a5ba15,c2838bbe3b9c9e63,ts-travel2-service-5c66d57d58-6mp2b,TripRepository.findAll,1674992131332025040,1674992131335788976,3763
3b64b2146c5411ae29cf7702445568e5,a9960d56d215875b,28848085b1a5ba15,ts-travel2-service-5c66d57d58-6mp2b,SELECT Trip,1674992131333742484,1674992131334710671,968
3b64b2146c5411ae29cf7702445568e5,54ea7e619c922cb7,28848085b1a5ba15,ts-travel2-service-5c66d57d58-6mp2b,Transaction.commit,1674992131334741769,1674992131335461886,720
3b64b2146c5411ae29cf7702445568e5,7ec8280e2525f8ce,a9960d56d215875b,ts-travel2-service-5c66d57d58-6mp2b,SELECT ts.trip2,1674992131333899740,1674992131334566491,666
3b64b2146c5411ae29cf7702445568e5,afc0cc623910d742,c2838bbe3b9c9e63,ts-travel2-service-5c66d57d58-6mp2b,HTTP POST,1674992131336465782,1674992131849919462,513453
3b64b2146c5411ae29cf7702445568e5,f27b34722f88538d,c2838bbe3b9c9e63,ts-travel2-service-5c66d57d58-6mp2b,HTTP POST,1674992131851306600,1674992131906122078,54815
3b64b2146c5411ae29cf7702445568e5,5f7da79f47b01545,c2838bbe3b9c9e63,ts-travel2-service-5c66d57d58-6mp2b,HTTP POST,1674992131906974630,1674992131941666625,34691
3b64b2146c5411ae29cf7702445568e5,dde62e445beb7424,afc0cc623910d742,ts-basic-service-5dc8d4f9fd-46997,/api/v1/basicservice/basic/travels,1674992131339000000,1674992131848595554,509595
3b64b2146c5411ae29cf7702445568e5,304ab68e9be153a9,dde62e445beb7424,ts-basic-service-5dc8d4f9fd-46997,BasicController.queryForTravels,1674992131341351945,1674992131848417214,507065
3b64b2146c5411ae29cf7702445568e5,4f5c4bd8218a42bb,304ab68e9be153a9,ts-basic-service-5dc8d4f9fd-46997,HTTP POST,1674992131342131180,1674992131346071195,3940
3b64b2146c5411ae29cf7702445568e5,8ee44dda1711aacb,304ab68e9be153a9,ts-basic-service-5dc8d4f9fd-46997,HTTP POST,1674992131346451968,1674992131575725742,229273
3b64b2146c5411ae29cf7702445568e5,6a3e81d589b5ba71,304ab68e9be153a9,ts-basic-service-5dc8d4f9fd-46997,HTTP POST,1674992131576922754,1674992131822352701,245429
3b64b2146c5411ae29cf7702445568e5,ca15e0726d4d43a6,304ab68e9be153a9,ts-basic-service-5dc8d4f9fd-46997,HTTP POST,1674992131823655040,1674992131847105254,23450
3b64b2146c5411ae29cf7702445568e5,c795e5dc826f46da,4f5c4bd8218a42bb,ts-station-service-7f4f5f6f77-5qb6j,/api/v1/stationservice/stations/idlist,1674992131343000000,1674992131345277640,2277
3b64b2146c5411ae29cf7702445568e5,dba055e10e8179fa,c795e5dc826f46da,ts-station-service-7f4f5f6f77-5qb6j,StationController.queryForIdBatch,1674992131343400366,1674992131345140143,1739
3b64b2146c5411ae29cf7702445568e5,f7e0576dfb0e9d46,dba055e10e8179fa,ts-station-service-7f4f5f6f77-5qb6j,StationRepository.findByNames,1674992131343952435,1674992131344945960,993
3b64b2146c5411ae29cf7702445568e5,d0174a19903062b2,f7e0576dfb0e9d46,ts-station-service-7f4f5f6f77-5qb6j,SELECT station,1674992131344035915,1674992131344913716,877
3b64b2146c5411ae29cf7702445568e5,dbe691ba6ebd19c0,d0174a19903062b2,ts-station-service-7f4f5f6f77-5qb6j,SELECT ts.station,1674992131344166099,1674992131344862933,696
3b64b2146c5411ae29cf7702445568e5,101d11e13f3cea52,8ee44dda1711aacb,ts-train-service-86f5f97bc9-dkqmf,/api/v1/trainservice/trains/byNames,1674992131571000000,1674992131575711995,4711
3b64b2146c5411ae29cf7702445568e5,f784685013f17018,101d11e13f3cea52,ts-train-service-86f5f97bc9-dkqmf,TrainController.retrieveByName,1674992131571832761,1674992131575294405,3461
3b64b2146c5411ae29cf7702445568e5,7b6ff01a8672270f,f784685013f17018,ts-train-service-86f5f97bc9-dkqmf,TrainTypeRepository.findByNames,1674992131572799433,1674992131574775662,1976
3b64b2146c5411ae29cf7702445568e5,92bbed4250349330,7b6ff01a8672270f,ts-train-service-86f5f97bc9-dkqmf,SELECT train_type,1674992131572997040,1674992131574751732,1754
3b64b2146c5411ae29cf7702445568e5,91b50cc65fd93bca,92bbed4250349330,ts-train-service-86f5f97bc9-dkqmf,SELECT ts.train_type,1674992131573240831,1674992131574561174,1320
3b64b2146c5411ae29cf7702445568e5,582ed20d1333a084,6a3e81d589b5ba71,ts-route-service-b6c59fb57-zv8dt,/api/v1/routeservice/routes/byIds/,1674992131807000000,1674992131822196316,15196
3b64b2146c5411ae29cf7702445568e5,028b8a2d763a83f3,582ed20d1333a084,ts-route-service-b6c59fb57-zv8dt,RouteController.queryByIds,1674992131808154396,1674992131821743391,13588
3b64b2146c5411ae29cf7702445568e5,7cb470b7a1d74dd1,028b8a2d763a83f3,ts-route-service-b6c59fb57-zv8dt,RouteRepository.findByIds,1674992131809322963,1674992131811452680,2129
3b64b2146c5411ae29cf7702445568e5,897ad70993bdacae,7cb470b7a1d74dd1,ts-route-service-b6c59fb57-zv8dt,SELECT route,1674992131809570394,1674992131811430038,1859
3b64b2146c5411ae29cf7702445568e5,a1de71412a6c1028,897ad70993bdacae,ts-route-service-b6c59fb57-zv8dt,SELECT ts.route,1674992131809859436,1674992131811155725,1296
3b64b2146c5411ae29cf7702445568e5,453e10b37e1617ea,028b8a2d763a83f3,ts-route-service-b6c59fb57-zv8dt,SELECT ts.route_stations,1674992131811918797,1674992131812835076,916
3b64b2146c5411ae29cf7702445568e5,6a811f7028ba153d,028b8a2d763a83f3,ts-route-service-b6c59fb57-zv8dt,SELECT ts.route_distances,1674992131812996851,1674992131813815610,818
3b64b2146c5411ae29cf7702445568e5,28ea0f68a2c21d41,028b8a2d763a83f3,ts-route-service-b6c59fb57-zv8dt,SELECT ts.route_stations,1674992131813942042,1674992131814668877,726
3b64b2146c5411ae29cf7702445568e5,60eebdedec620886,028b8a2d763a83f3,ts-route-service-b6c59fb57-zv8dt,SELECT ts.route_distances,1674992131814777070,1674992131815595036,817
3b64b2146c5411ae29cf7702445568e5,3240493d3b8007be,028b8a2d763a83f3,ts-route-service-b6c59fb57-zv8dt,SELECT ts.route_stations,1674992131815707926,1674992131816541476,833
3b64b2146c5411ae29cf7702445568e5,695a284a613f0f2b,028b8a2d763a83f3,ts-route-service-b6c59fb57-zv8dt,SELECT ts.route_distances,1674992131816635675,1674992131817380324,744
3b64b2146c5411ae29cf7702445568e5,4609913d93dd1685,028b8a2d763a83f3,ts-route-service-b6c59fb57-zv8dt,SELECT ts.route_stations,1674992131817480262,1674992131818220442,740
3b64b2146c5411ae29cf7702445568e5,534d74dbc41d36d7,028b8a2d763a83f3,ts-route-service-b6c59fb57-zv8dt,SELECT ts.route_distances,1674992131818308079,1674992131819240717,932
3b64b2146c5411ae29cf7702445568e5,01f1f83a187b1d48,028b8a2d763a83f3,ts-route-service-b6c59fb57-zv8dt,SELECT ts.route_stations,1674992131819546404,1674992131820577352,1030
3b64b2146c5411ae29cf7702445568e5,715063c273cdb12f,028b8a2d763a83f3,ts-route-service-b6c59fb57-zv8dt,SELECT ts.route_distances,1674992131820699636,1674992131821428794,729
3b64b2146c5411ae29cf7702445568e5,5b7c98f63fbedf17,ca15e0726d4d43a6,ts-price-service-76846864d9-g465z,/api/v1/priceservice/prices/byRouteIdsAndTrainTypes,1674992131843000000,1674992131847175210,4175
3b64b2146c5411ae29cf7702445568e5,10adbd18b0c0f353,5b7c98f63fbedf17,ts-price-service-76846864d9-g465z,PriceController.query,1674992131843782441,1674992131846837645,3055
3b64b2146c5411ae29cf7702445568e5,0e91737e8d612b94,10adbd18b0c0f353,ts-price-service-76846864d9-g465z,PriceConfigRepository.findByRouteIdsAndTrainTypes,1674992131844793163,1674992131846393696,1600
3b64b2146c5411ae29cf7702445568e5,6dcab5588b67fb71,0e91737e8d612b94,ts-price-service-76846864d9-g465z,SELECT price_config,1674992131844975710,1674992131846373928,1398
3b64b2146c5411ae29cf7702445568e5,86df0f7db01c90d8,6dcab5588b67fb71,ts-price-service-76846864d9-g465z,SELECT ts.price_config,1674992131845178714,1674992131846234990,1056
3b64b2146c5411ae29cf7702445568e5,62eca0cd57b97787,f27b34722f88538d,ts-seat-service-5c95b49cff-tdsdz,/api/v1/seatservice/seats/left_tickets,1674992131869000000,1674992131904132257,35132
3b64b2146c5411ae29cf7702445568e5,f5e639971f5b8939,5f7da79f47b01545,ts-seat-service-5c95b49cff-tdsdz,/api/v1/seatservice/seats/left_tickets,1674992131908000000,1674992131940040778,32040
3b64b2146c5411ae29cf7702445568e5,64aa266bc87118bc,62eca0cd57b97787,ts-seat-service-5c95b49cff-tdsdz,SeatController.getLeftTicketOfInterval,1674992131869714765,1674992131903879218,34164
3b64b2146c5411ae29cf7702445568e5,711bcf8e920546ce,f5e639971f5b8939,ts-seat-service-5c95b49cff-tdsdz,SeatController.getLeftTicketOfInterval,1674992131908578337,1674992131939825411,31247
3b64b2146c5411ae29cf7702445568e5,e37ef6a70aa9eeca,64aa266bc87118bc,ts-seat-service-5c95b49cff-tdsdz,HTTP POST,1674992131872161941,1674992131880032493,7870
3b64b2146c5411ae29cf7702445568e5,cf32e21c5cdc00f1,64aa266bc87118bc,ts-seat-service-5c95b49cff-tdsdz,HTTP GET,1674992131881294833,1674992131902717842,21423
3b64b2146c5411ae29cf7702445568e5,015e8e03c423a262,711bcf8e920546ce,ts-seat-service-5c95b49cff-tdsdz,HTTP POST,1674992131910356145,1674992131914682535,4326
3b64b2146c5411ae29cf7702445568e5,0225e343ebaa4b65,711bcf8e920546ce,ts-seat-service-5c95b49cff-tdsdz,HTTP GET,1674992131915590548,1674992131938768723,23178
3b64b2146c5411ae29cf7702445568e5,5bc5a93546d5e3a6,e37ef6a70aa9eeca,ts-order-other-service-6cdbf9b4cc-h7mqk,/api/v1/orderOtherService/orderOther/tickets,1674992131876000000,1674992131879223575,3223
3b64b2146c5411ae29cf7702445568e5,34e4d9d024ae63db,015e8e03c423a262,ts-order-other-service-6cdbf9b4cc-h7mqk,/api/v1/orderOtherService/orderOther/tickets,1674992131912000000,1674992131913940140,1940
3b64b2146c5411ae29cf7702445568e5,1a6ebd864e960a33,5bc5a93546d5e3a6,ts-order-other-service-6cdbf9b4cc-h7mqk,OrderOtherController.getTicketListByDateAndTripId,1674992131876595206,1674992131879078637,2483
3b64b2146c5411ae29cf7702445568e5,c5dadd25f11d9c85,34e4d9d024ae63db,ts-order-other-service-6cdbf9b4cc-h7mqk,OrderOtherController.getTicketListByDateAndTripId,1674992131912226685,1674992131913844770,1618
3b64b2146c5411ae29cf7702445568e5,e74066c4ce7c02b9,1a6ebd864e960a33,ts-order-other-service-6cdbf9b4cc-h7mqk,OrderOtherRepository.findByTravelDateAndTrainNumber,1674992131877395981,1674992131878641115,1245
3b64b2146c5411ae29cf7702445568e5,c718630ab53dec95,c5dadd25f11d9c85,ts-order-other-service-6cdbf9b4cc-h7mqk,OrderOtherRepository.findByTravelDateAndTrainNumber,1674992131912501088,1674992131913524687,1023
3b64b2146c5411ae29cf7702445568e5,d2b77f4d507f25b6,e74066c4ce7c02b9,ts-order-other-service-6cdbf9b4cc-h7mqk,SELECT Order,1674992131877465701,1674992131878633107,1167
3b64b2146c5411ae29cf7702445568e5,c88e626af4988025,c718630ab53dec95,ts-order-other-service-6cdbf9b4cc-h7mqk,SELECT Order,1674992131912530623,1674992131913519967,989
3b64b2146c5411ae29cf7702445568e5,a740b7abd34dc771,d2b77f4d507f25b6,ts-order-other-service-6cdbf9b4cc-h7mqk,SELECT ts.orders_other,1674992131878045743,1674992131878619146,573
3b64b2146c5411ae29cf7702445568e5,092bf5aa9ba101ea,c88e626af4988025,ts-order-other-service-6cdbf9b4cc-h7mqk,SELECT ts.orders_other,1674992131912966151,1674992131913511700,545
3b64b2146c5411ae29cf7702445568e5,8fdfefe172432863,cf32e21c5cdc00f1,ts-config-service-5fcd447d84-wxwjd,/api/v1/configservice/configs/{configName},1674992131883000000,1674992131885469091,2469
3b64b2146c5411ae29cf7702445568e5,0fde9402dbb5cad5,0225e343ebaa4b65,ts-config-service-5fcd447d84-wxwjd,/api/v1/configservice/configs/{configName},1674992131917000000,1674992131918768028,1768
3b64b2146c5411ae29cf7702445568e5,2cdb27487c3e0d61,8fdfefe172432863,ts-config-service-5fcd447d84-wxwjd,ConfigController.retrieve,1674992131883426902,1674992131885343381,1916
3b64b2146c5411ae29cf7702445568e5,f2414c873ba65f35,0fde9402dbb5cad5,ts-config-service-5fcd447d84-wxwjd,ConfigController.retrieve,1674992131917331271,1674992131918654223,1322
3b64b2146c5411ae29cf7702445568e5,06645ad50883dcea,2cdb27487c3e0d61,ts-config-service-5fcd447d84-wxwjd,ConfigRepository.findByName,1674992131883842840,1674992131884888093,1045
3b64b2146c5411ae29cf7702445568e5,7c431c5bdc3d802d,f2414c873ba65f35,ts-config-service-5fcd447d84-wxwjd,ConfigRepository.findByName,1674992131917651331,1674992131918279818,628
3b64b2146c5411ae29cf7702445568e5,9e335fc445ef263b,06645ad50883dcea,ts-config-service-5fcd447d84-wxwjd,SELECT Config,1674992131883931865,1674992131884883607,951
3b64b2146c5411ae29cf7702445568e5,34d709cbb2f3fdd0,7c431c5bdc3d802d,ts-config-service-5fcd447d84-wxwjd,SELECT Config,1674992131917720199,1674992131918277093,556
3b64b2146c5411ae29cf7702445568e5,fe12561a3e1ad669,9e335fc445ef263b,ts-config-service-5fcd447d84-wxwjd,SELECT ts.config,1674992131884449880,1674992131884841314,391
3b64b2146c5411ae29cf7702445568e5,6a3e0eab2614cb67,34d709cbb2f3fdd0,ts-config-service-5fcd447d84-wxwjd,SELECT ts.config,1674992131917779802,1674992131918242061,462
e24454b6ef299b69546c4a9da2160dda,030e31358671e1f5,root,ts-gateway-service-6f6cfc45b-h5m2n,/*,1674992146055000000,1674992146128935155,73935
e24454b6ef299b69546c4a9da2160dda,4af382db841dbb01,030e31358671e1f5,ts-gateway-service-6f6cfc45b-h5m2n,FilteringWebHandler.handle,1674992146055501734,1674992146128743250,73241
e24454b6ef299b69546c4a9da2160dda,60d881f0b0e10bf0,030e31358671e1f5,ts-gateway-service-6f6cfc45b-h5m2n,HTTP GET,1674992146056334732,1674992146128916545,72581
e24454b6ef299b69546c4a9da2160dda,585a4b8fcc99bb49,60d881f0b0e10bf0,ts-food-service-f5756978c-k8vqf,/api/v1/foodservice/foods/{date}/{startStation}/{endStation}/{tripId},1674992146058000000,1674992146126371060,68371
e24454b6ef299b69546c4a9da2160dda,379c88cb9ffe867d,585a4b8fcc99bb49,ts-food-service-f5756978c-k8vqf,FoodController.getAllFood,1674992146059773956,1674992146125862423,66088
e24454b6ef299b69546c4a9da2160dda,be5507b43135e7b1,379c88cb9ffe867d,ts-food-service-f5756978c-k8vqf,HTTP GET,1674992146061049921,1674992146075776529,14726
e24454b6ef299b69546c4a9da2160dda,cc2c11ceb0674a47,be5507b43135e7b1,ts-train-food-service-59bbbdd99b-b67ts,/api/v1/trainfoodservice/trainfoods/{tripId},1674992146065000000,1674992146076906264,11906
e24454b6ef299b69546c4a9da2160dda,d0034ec65166a17d,cc2c11ceb0674a47,ts-train-food-service-59bbbdd99b-b67ts,TrainFoodController.getTrainFoodOfTrip,1674992146068135695,1674992146075692782,7557
e24454b6ef299b69546c4a9da2160dda,e09d193da1b5f663,d0034ec65166a17d,ts-train-food-service-59bbbdd99b-b67ts,TrainFoodRepository.findByTripId,1674992146069657865,1674992146073662748,4004
e24454b6ef299b69546c4a9da2160dda,ecadbc3a7f59f8ab,e09d193da1b5f663,ts-train-food-service-59bbbdd99b-b67ts,SELECT TrainFood,1674992146070366568,1674992146073643425,3276
e24454b6ef299b69546c4a9da2160dda,4a954a576772b5a8,ecadbc3a7f59f8ab,ts-train-food-service-59bbbdd99b-b67ts,SELECT ts.train_food,1674992146072168033,1674992146072961107,793
e24454b6ef299b69546c4a9da2160dda,9120ed2d4dbf7f17,d0034ec65166a17d,ts-train-food-service-59bbbdd99b-b67ts,SELECT ts.train_food_list,1674992146074456521,1674992146075001862,545
e24454b6ef299b69546c4a9da2160dda,d7b03c06baf6298a,379c88cb9ffe867d,ts-food-service-f5756978c-k8vqf,HTTP GET,1674992146077440476,1674992146101161353,23720
e24454b6ef299b69546c4a9da2160dda,cae156f3a986eda4,379c88cb9ffe867d,ts-food-service-f5756978c-k8vqf,HTTP POST,1674992146101708042,1674992146122544991,20836
e24454b6ef299b69546c4a9da2160dda,c5216f8a140a3b5a,d7b03c06baf6298a,ts-travel-service-64469b5b48-25zj6,/api/v1/travelservice/routes/{tripId},1674992146080000000,1674992146100681821,20681
e24454b6ef299b69546c4a9da2160dda,9fd788349640763b,c5216f8a140a3b5a,ts-travel-service-64469b5b48-25zj6,TravelController.getRouteByTripId,1674992146080701329,1674992146100467173,19765
e24454b6ef299b69546c4a9da2160dda,7bafadecd910f23b,9fd788349640763b,ts-travel-service-64469b5b48-25zj6,TripRepository.findByTripId,1674992146081202087,1674992146082271190,1069
e24454b6ef299b69546c4a9da2160dda,73ffcd05ea900bdf,7bafadecd910f23b,ts-travel-service-64469b5b48-25zj6,SELECT Trip,1674992146081485804,1674992146082265214,779
e24454b6ef299b69546c4a9da2160dda,a6edae257dfbae5c,73ffcd05ea900bdf,ts-travel-service-64469b5b48-25zj6,SELECT ts.trip,1674992146081693886,1674992146082184439,490
e24454b6ef299b69546c4a9da2160dda,95e2bceb1ab442f2,9fd788349640763b,ts-travel-service-64469b5b48-25zj6,HTTP GET,1674992146082710343,1674992146098986639,16276
e24454b6ef299b69546c4a9da2160dda,9a81430e13ff9935,95e2bceb1ab442f2,ts-route-service-b6c59fb57-zv8dt,/api/v1/routeservice/routes/{routeId},1674992146088000000,1674992146099081885,11081
e24454b6ef299b69546c4a9da2160dda,ff824ff4e28d1b75,9a81430e13ff9935,ts-route-service-b6c59fb57-zv8dt,RouteController.queryById,1674992146089056139,1674992146098681722,9625
e24454b6ef299b69546c4a9da2160dda,4d2250eb1bb6cd7c,ff824ff4e28d1b75,ts-route-service-b6c59fb57-zv8dt,RouteRepository.findById,1674992146090101010,1674992146095482693,5381
e24454b6ef299b69546c4a9da2160dda,2f4e96768d92b446,4d2250eb1bb6cd7c,ts-route-service-b6c59fb57-zv8dt,Session.find route.entity.Route,1674992146092202824,1674992146093459308,1256
e24454b6ef299b69546c4a9da2160dda,10124c171bbca377,4d2250eb1bb6cd7c,ts-route-service-b6c59fb57-zv8dt,Transaction.commit,1674992146093480585,1674992146094718987,1238
e24454b6ef299b69546c4a9da2160dda,6afe6cd281115936,2f4e96768d92b446,ts-route-service-b6c59fb57-zv8dt,SELECT ts.route,1674992146092394555,1674992146093219326,824
e24454b6ef299b69546c4a9da2160dda,a2734a2ab0ef893e,ff824ff4e28d1b75,ts-route-service-b6c59fb57-zv8dt,SELECT ts.route_stations,1674992146095892889,1674992146096874095,981
e24454b6ef299b69546c4a9da2160dda,d9777a6576c63bbe,ff824ff4e28d1b75,ts-route-service-b6c59fb57-zv8dt,SELECT ts.route_distances,1674992146097080641,1674992146098343634,1262
e24454b6ef299b69546c4a9da2160dda,21bb741ecb06ef34,cae156f3a986eda4,ts-station-food-service-dc4d75dd-fw6ft,/api/v1/stationfoodservice/stationfoodstores,1674992146108000000,1674992146125645362,17645
e24454b6ef299b69546c4a9da2160dda,c5ff4115d288cce9,21bb741ecb06ef34,ts-station-food-service-dc4d75dd-fw6ft,StationFoodController.getFoodStoresByStationNames,1674992146111916934,1674992146122275336,10358
e24454b6ef299b69546c4a9da2160dda,736e1a5745d95d90,c5ff4115d288cce9,ts-station-food-service-dc4d75dd-fw6ft,StationFoodRepository.findByStationNameIn,1674992146114462087,1674992146120737239,6275
e24454b6ef299b69546c4a9da2160dda,8002acb9bf488bc7,736e1a5745d95d90,ts-station-food-service-dc4d75dd-fw6ft,SELECT StationFoodStore,1674992146115274541,1674992146120590040,5315
e24454b6ef299b69546c4a9da2160dda,23abfdb4d51baa92,8002acb9bf488bc7,ts-station-food-service-dc4d75dd-fw6ft,SELECT ts.station_food_store,1674992146118495899,1674992146119971413,1475
997b089fd01cc6426231f21967bcff2f,a0a4f34f3de1cd5a,root,ts-gateway-service-6f6cfc45b-h5m2n,/*,1674992166207000000,1674992166398855429,191855
997b089fd01cc6426231f21967bcff2f,0581018508c5f38a,a0a4f34f3de1cd5a,ts-gateway-service-6f6cfc45b-h5m2n,FilteringWebHandler.handle,1674992166207433348,1674992166398611408,191178
997b089fd01cc6426231f21967bcff2f,d309a77340e7a57f,a0a4f34f3de1cd5a,ts-gateway-service-6f6cfc45b-h5m2n,HTTP POST,1674992166208238771,1674992166398805443,190566
997b089fd01cc6426231f21967bcff2f,aa4e7cea576abe44,d309a77340e7a57f,ts-auth-service-7f8d7d756d-k7b9j,/api/v1/users/login,1674992166211000000,1674992166398044074,187044
997b089fd01cc6426231f21967bcff2f,34cd88d06333977b,aa4e7cea576abe44,ts-auth-service-7f8d7d756d-k7b9j,UserController.getToken,1674992166212490417,1674992166397481791,184991
997b089fd01cc6426231f21967bcff2f,55cbb4c075aae911,34cd88d06333977b,ts-auth-service-7f8d7d756d-k7b9j,HTTP GET,1674992166213876862,1674992166218979435,5102
997b089fd01cc6426231f21967bcff2f,901bcd4b4a303141,55cbb4c075aae911,ts-verification-code-service-7b6dc75c45-2z9p2,/api/v1/verifycode/verify/{verifyCode},1674992166216000000,1674992166218555534,2555
997b089fd01cc6426231f21967bcff2f,37081bf3ec8529bb,901bcd4b4a303141,ts-verification-code-service-7b6dc75c45-2z9p2,VerifyCodeController.verifyCode,1674992166216775121,1674992166218121310,1346
997b089fd01cc6426231f21967bcff2f,c0386a17ef30a613,34cd88d06333977b,ts-auth-service-7f8d7d756d-k7b9j,UserRepository.findByUsername,1674992166219998125,1674992166239929817,19931
997b089fd01cc6426231f21967bcff2f,b4a5e0b2aac6abcf,34cd88d06333977b,ts-auth-service-7f8d7d756d-k7b9j,UserRepository.findByUsername,1674992166395745347,1674992166396444015,698
997b089fd01cc6426231f21967bcff2f,423d3cde95a27a20,c0386a17ef30a613,ts-auth-service-7f8d7d756d-k7b9j,SELECT User,1674992166220163004,1674992166239906643,19743
997b089fd01cc6426231f21967bcff2f,243017bbce20d3ce,b4a5e0b2aac6abcf,ts-auth-service-7f8d7d756d-k7b9j,SELECT User,1674992166395883997,1674992166396423116,539
997b089fd01cc6426231f21967bcff2f,fcdf15f148d8cc8a,423d3cde95a27a20,ts-auth-service-7f8d7d756d-k7b9j,SELECT ts.auth_user,1674992166223290290,1674992166239725429,16435
997b089fd01cc6426231f21967bcff2f,9147be0d58627595,34cd88d06333977b,ts-auth-service-7f8d7d756d-k7b9j,SELECT ts.user_roles,1674992166394740447,1674992166395562455,822
997b089fd01cc6426231f21967bcff2f,2e799780376995fa,243017bbce20d3ce,ts-auth-service-7f8d7d756d-k7b9j,SELECT ts.auth_user,1674992166395966714,1674992166396368531,401
2c60d2fe5799939c6545f03b94cd34bb,7164865689ee1819,root,ts-gateway-service-6f6cfc45b-h5m2n,/*,1674992131967000000,1674992132049198560,82198
2c60d2fe5799939c6545f03b94cd34bb,0ee8e62aa34c0a94,7164865689ee1819,ts-gateway-service-6f6cfc45b-h5m2n,FilteringWebHandler.handle,1674992131967638700,1674992132048964161,81325
2c60d2fe5799939c6545f03b94cd34bb,326e5d8e7ed2ec0b,7164865689ee1819,ts-gateway-service-6f6cfc45b-h5m2n,HTTP GET,1674992131968686274,1674992132049204132,80517
2c60d2fe5799939c6545f03b94cd34bb,04a4aa4c5adb9244,326e5d8e7ed2ec0b,ts-food-service-f5756978c-k8vqf,/api/v1/foodservice/foods/{date}/{startStation}/{endStation}/{tripId},1674992131971000000,1674992132048067197,77067
2c60d2fe5799939c6545f03b94cd34bb,dbe9fab75b4e5bcc,04a4aa4c5adb9244,ts-food-service-f5756978c-k8vqf,FoodController.getAllFood,1674992131973957453,1674992132047493756,73536
2c60d2fe5799939c6545f03b94cd34bb,b8592104acdb47d4,dbe9fab75b4e5bcc,ts-food-service-f5756978c-k8vqf,HTTP GET,1674992131976084996,1674992131991472966,15387
2c60d2fe5799939c6545f03b94cd34bb,e1c052a756bb8c30,dbe9fab75b4e5bcc,ts-food-service-f5756978c-k8vqf,HTTP GET,1674992131992423223,1674992132015694889,23271
2c60d2fe5799939c6545f03b94cd34bb,63959b6eecfb9dfb,dbe9fab75b4e5bcc,ts-food-service-f5756978c-k8vqf,HTTP POST,1674992132016332714,1674992132045339331,29006
2c60d2fe5799939c6545f03b94cd34bb,3dc9d096a0f35e55,b8592104acdb47d4,ts-train-food-service-59bbbdd99b-b67ts,/api/v1/trainfoodservice/trainfoods/{tripId},1674992131981000000,1674992131991224324,10224
2c60d2fe5799939c6545f03b94cd34bb,33137bf6a62e7cf9,3dc9d096a0f35e55,ts-train-food-service-59bbbdd99b-b67ts,TrainFoodController.getTrainFoodOfTrip,1674992131984111279,1674992131990590767,6479
2c60d2fe5799939c6545f03b94cd34bb,72ce04e17b9c313a,33137bf6a62e7cf9,ts-train-food-service-59bbbdd99b-b67ts,TrainFoodRepository.findByTripId,1674992131985594753,1674992131988710757,3116
2c60d2fe5799939c6545f03b94cd34bb,05486f375aac83a5,72ce04e17b9c313a,ts-train-food-service-59bbbdd99b-b67ts,SELECT TrainFood,1674992131986127404,1674992131988688660,2561
2c60d2fe5799939c6545f03b94cd34bb,4b575d762aeb4d5b,05486f375aac83a5,ts-train-food-service-59bbbdd99b-b67ts,SELECT ts.train_food,1674992131987414130,1674992131988039696,625
2c60d2fe5799939c6545f03b94cd34bb,9830f1c63c82ab7b,33137bf6a62e7cf9,ts-train-food-service-59bbbdd99b-b67ts,SELECT ts.train_food_list,1674992131989429734,1674992131989899353,469
2c60d2fe5799939c6545f03b94cd34bb,159f0cef4a765f60,e1c052a756bb8c30,ts-travel-service-64469b5b48-25zj6,/api/v1/travelservice/routes/{tripId},1674992131995000000,1674992132015121370,20121
2c60d2fe5799939c6545f03b94cd34bb,13fed9c99958301b,159f0cef4a765f60,ts-travel-service-64469b5b48-25zj6,TravelController.getRouteByTripId,1674992131995739568,1674992132014899137,19159
2c60d2fe5799939c6545f03b94cd34bb,2e0a5a773a5593cf,13fed9c99958301b,ts-travel-service-64469b5b48-25zj6,TripRepository.findByTripId,1674992131996290205,1674992131997312110,1021
2c60d2fe5799939c6545f03b94cd34bb,aa651f9aeb246f75,2e0a5a773a5593cf,ts-travel-service-64469b5b48-25zj6,SELECT Trip,1674992131996406222,1674992131997306041,899
2c60d2fe5799939c6545f03b94cd34bb,eeec008d89001998,aa651f9aeb246f75,ts-travel-service-64469b5b48-25zj6,SELECT ts.trip,1674992131996857996,1674992131997235379,377
2c60d2fe5799939c6545f03b94cd34bb,46b33d2c432ec7a3,13fed9c99958301b,ts-travel-service-64469b5b48-25zj6,HTTP GET,1674992131997774068,1674992132013535421,15761
2c60d2fe5799939c6545f03b94cd34bb,62925dc400d4d110,46b33d2c432ec7a3,ts-route-service-b6c59fb57-zv8dt,/api/v1/routeservice/routes/{routeId},1674992132003000000,1674992132013612045,10612
2c60d2fe5799939c6545f03b94cd34bb,003d3b2fb6bea2d0,62925dc400d4d110,ts-route-service-b6c59fb57-zv8dt,RouteController.queryById,1674992132004681223,1674992132013172617,8491
2c60d2fe5799939c6545f03b94cd34bb,af6585cfcaf3c5d0,003d3b2fb6bea2d0,ts-route-service-b6c59fb57-zv8dt,RouteRepository.findById,1674992132005641202,1674992132010784754,5143
2c60d2fe5799939c6545f03b94cd34bb,abc85b8527b41a13,af6585cfcaf3c5d0,ts-route-service-b6c59fb57-zv8dt,Session.find route.entity.Route,1674992132007443638,1674992132008705620,1261
2c60d2fe5799939c6545f03b94cd34bb,d546623074c4bea6,af6585cfcaf3c5d0,ts-route-service-b6c59fb57-zv8dt,Transaction.commit,1674992132008726621,1674992132010185866,1459
2c60d2fe5799939c6545f03b94cd34bb,e104b4ee9c2c901a,abc85b8527b41a13,ts-route-service-b6c59fb57-zv8dt,SELECT ts.route,1674992132007628615,1674992132008519893,891
2c60d2fe5799939c6545f03b94cd34bb,95f696c4e19bf27b,003d3b2fb6bea2d0,ts-route-service-b6c59fb57-zv8dt,SELECT ts.route_stations,1674992132011126493,1674992132011947454,820
2c60d2fe5799939c6545f03b94cd34bb,058120ba73a741af,003d3b2fb6bea2d0,ts-route-service-b6c59fb57-zv8dt,SELECT ts.route_distances,1674992132012105401,1674992132012887959,782
2c60d2fe5799939c6545f03b94cd34bb,13cd69ec34d12c25,63959b6eecfb9dfb,ts-station-food-service-dc4d75dd-fw6ft,/api/v1/stationfoodservice/stationfoodstores,1674992132022000000,1674992132046329910,24329
2c60d2fe5799939c6545f03b94cd34bb,d5ec720de056ee5f,13cd69ec34d12c25,ts-station-food-service-dc4d75dd-fw6ft,StationFoodController.getFoodStoresByStationNames,1674992132029658976,1674992132045094259,15435
2c60d2fe5799939c6545f03b94cd34bb,8719b635f917e0d1,d5ec720de056ee5f,ts-station-food-service-dc4d75dd-fw6ft,StationFoodRepository.findByStationNameIn,1674992132035621654,1674992132043064010,7442
2c60d2fe5799939c6545f03b94cd34bb,1506a05e8c85ee47,8719b635f917e0d1,ts-station-food-service-dc4d75dd-fw6ft,SELECT StationFoodStore,1674992132037509240,1674992132042868229,5358
2c60d2fe5799939c6545f03b94cd34bb,12ea99ffca777371,1506a05e8c85ee47,ts-station-food-service-dc4d75dd-fw6ft,SELECT ts.station_food_store,1674992132040603078,1674992132041956358,1353
bc31c6d6e015f525be8b7b27efba3411,7d8ce70f8b987fbb,root,ts-gateway-service-6f6cfc45b-h5m2n,/*,1674992143475000000,1674992143636324504,161324
bc31c6d6e015f525be8b7b27efba3411,c59a9fba0feb438a,7d8ce70f8b987fbb,ts-gateway-service-6f6cfc45b-h5m2n,FilteringWebHandler.handle,1674992143475785685,1674992143636169288,160383
bc31c6d6e015f525be8b7b27efba3411,153f32b5ec048617,7d8ce70f8b987fbb,ts-gateway-service-6f6cfc45b-h5m2n,HTTP POST,1674992143476946665,1674992143636293495,159346
bc31c6d6e015f525be8b7b27efba3411,b9198b2499b725c8,153f32b5ec048617,ts-travel2-service-5c66d57d58-6mp2b,/api/v1/travel2service/trips/left,1674992143479000000,1674992143635192697,156192
bc31c6d6e015f525be8b7b27efba3411,64ed958b2d3cdcb7,b9198b2499b725c8,ts-travel2-service-5c66d57d58-6mp2b,Travel2Controller.queryInfo,1674992143480481596,1674992143634749160,154267
bc31c6d6e015f525be8b7b27efba3411,0b9b116ae1364f6e,64ed958b2d3cdcb7,ts-travel2-service-5c66d57d58-6mp2b,TripRepository.findAll,1674992143481377347,1674992143485299128,3921
bc31c6d6e015f525be8b7b27efba3411,f758b67244eb799c,0b9b116ae1364f6e,ts-travel2-service-5c66d57d58-6mp2b,SELECT Trip,1674992143483084215,1674992143484233416,1149
bc31c6d6e015f525be8b7b27efba3411,8db32835a62b94b5,0b9b116ae1364f6e,ts-travel2-service-5c66d57d58-6mp2b,Transaction.commit,1674992143484261964,1674992143484938994,677
bc31c6d6e015f525be8b7b27efba3411,f125431ccccdffdf,f758b67244eb799c,ts-travel2-service-5c66d57d58-6mp2b,SELECT ts.trip2,1674992143483299070,1674992143484087364,788
bc31c6d6e015f525be8b7b27efba3411,38d6454d1f540a87,64ed958b2d3cdcb7,ts-travel2-service-5c66d57d58-6mp2b,HTTP POST,1674992143485994044,1674992143555311082,69317
bc31c6d6e015f525be8b7b27efba3411,5cc38c0891109e8f,64ed958b2d3cdcb7,ts-travel2-service-5c66d57d58-6mp2b,HTTP POST,1674992143557062159,1674992143597892523,40830
bc31c6d6e015f525be8b7b27efba3411,0ad53551897aeeaa,64ed958b2d3cdcb7,ts-travel2-service-5c66d57d58-6mp2b,HTTP POST,1674992143598816919,1674992143633404189,34587
bc31c6d6e015f525be8b7b27efba3411,deb9813762f7aee2,38d6454d1f540a87,ts-basic-service-5dc8d4f9fd-46997,/api/v1/basicservice/basic/travels,1674992143489000000,1674992143554823530,65823
bc31c6d6e015f525be8b7b27efba3411,997ce7cd01683323,deb9813762f7aee2,ts-basic-service-5dc8d4f9fd-46997,BasicController.queryForTravels,1674992143489487290,1674992143554645890,65158
bc31c6d6e015f525be8b7b27efba3411,77b357f62e54a702,997ce7cd01683323,ts-basic-service-5dc8d4f9fd-46997,HTTP POST,1674992143490506653,1674992143496680539,6173
bc31c6d6e015f525be8b7b27efba3411,f79bca6ba1d4b8bd,997ce7cd01683323,ts-basic-service-5dc8d4f9fd-46997,HTTP POST,1674992143497447883,1674992143505983697,8535
bc31c6d6e015f525be8b7b27efba3411,c87d1108d3cc5ae0,997ce7cd01683323,ts-basic-service-5dc8d4f9fd-46997,HTTP POST,1674992143506943107,1674992143527880109,20937
bc31c6d6e015f525be8b7b27efba3411,0cfada43f20aaea9,997ce7cd01683323,ts-basic-service-5dc8d4f9fd-46997,HTTP POST,1674992143529029575,1674992143552973151,23943
bc31c6d6e015f525be8b7b27efba3411,aaa9a0de5dbe4305,77b357f62e54a702,ts-station-service-7f4f5f6f77-5qb6j,/api/v1/stationservice/stations/idlist,1674992143492000000,1674992143495577181,3577
bc31c6d6e015f525be8b7b27efba3411,f2fd4e492d66c2ee,aaa9a0de5dbe4305,ts-station-service-7f4f5f6f77-5qb6j,StationController.queryForIdBatch,1674992143492585991,1674992143495376411,2790
bc31c6d6e015f525be8b7b27efba3411,280d92c039de0d9c,f2fd4e492d66c2ee,ts-station-service-7f4f5f6f77-5qb6j,StationRepository.findByNames,1674992143493416339,1674992143495068631,1652
bc31c6d6e015f525be8b7b27efba3411,64ab8b162eb36578,280d92c039de0d9c,ts-station-service-7f4f5f6f77-5qb6j,SELECT station,1674992143493538085,1674992143495051202,1513
bc31c6d6e015f525be8b7b27efba3411,e4fbc2773c1459e7,64ab8b162eb36578,ts-station-service-7f4f5f6f77-5qb6j,SELECT ts.station,1674992143494322101,1674992143494983138,661
bc31c6d6e015f525be8b7b27efba3411,9edd7328ffd0ddc4,f79bca6ba1d4b8bd,ts-train-service-86f5f97bc9-dkqmf,/api/v1/trainservice/trains/byNames,1674992143500000000,1674992143505556554,5556
bc31c6d6e015f525be8b7b27efba3411,8977a927813c9517,9edd7328ffd0ddc4,ts-train-service-86f5f97bc9-dkqmf,TrainController.retrieveByName,1674992143501086732,1674992143505084463,3997
bc31c6d6e015f525be8b7b27efba3411,83c333ea98bb96d2,8977a927813c9517,ts-train-service-86f5f97bc9-dkqmf,TrainTypeRepository.findByNames,1674992143502372224,1674992143504555900,2183
bc31c6d6e015f525be8b7b27efba3411,fd39086eb4f2f87e,83c333ea98bb96d2,ts-train-service-86f5f97bc9-dkqmf,SELECT train_type,1674992143502627676,1674992143504528470,1900
bc31c6d6e015f525be8b7b27efba3411,e3e8a0646a3ee8de,fd39086eb4f2f87e,ts-train-service-86f5f97bc9-dkqmf,SELECT ts.train_type,1674992143503654492,1674992143504400198,745
bc31c6d6e015f525be8b7b27efba3411,0c3788d2347b60ec,c87d1108d3cc5ae0,ts-route-service-b6c59fb57-zv8dt,/api/v1/routeservice/routes/byIds/,1674992143510000000,1674992143527102785,17102
bc31c6d6e015f525be8b7b27efba3411,2b3b34d67f3bd235,0c3788d2347b60ec,ts-route-service-b6c59fb57-zv8dt,RouteController.queryByIds,1674992143511388644,1674992143526589234,15200
bc31c6d6e015f525be8b7b27efba3411,39c0d26ad331bb73,2b3b34d67f3bd235,ts-route-service-b6c59fb57-zv8dt,RouteRepository.findByIds,1674992143513182198,1674992143516365590,3183
bc31c6d6e015f525be8b7b27efba3411,9b481c4cee08c327,39c0d26ad331bb73,ts-route-service-b6c59fb57-zv8dt,SELECT route,1674992143513702053,1674992143516340798,2638
bc31c6d6e015f525be8b7b27efba3411,fa2b9240606ff5b5,9b481c4cee08c327,ts-route-service-b6c59fb57-zv8dt,SELECT ts.route,1674992143515132280,1674992143516091887,959
bc31c6d6e015f525be8b7b27efba3411,7bb7504801cfe2d6,2b3b34d67f3bd235,ts-route-service-b6c59fb57-zv8dt,SELECT ts.route_stations,1674992143516826352,1674992143517822598,996
bc31c6d6e015f525be8b7b27efba3411,187bfdb5b8e4e184,2b3b34d67f3bd235,ts-route-service-b6c59fb57-zv8dt,SELECT ts.route_distances,1674992143518064062,1674992143518886369,822
bc31c6d6e015f525be8b7b27efba3411,9e4a4c4346fab99f,2b3b34d67f3bd235,ts-route-service-b6c59fb57-zv8dt,SELECT ts.route_stations,1674992143519038164,1674992143519785459,747
bc31c6d6e015f525be8b7b27efba3411,fda1888a19ee08fd,2b3b34d67f3bd235,ts-route-service-b6c59fb57-zv8dt,SELECT ts.route_distances,1674992143519914625,1674992143520617759,703
bc31c6d6e015f525be8b7b27efba3411,550d4d9e1065328a,2b3b34d67f3bd235,ts-route-service-b6c59fb57-zv8dt,SELECT ts.route_stations,1674992143520733201,1674992143521421961,688
bc31c6d6e015f525be8b7b27efba3411,5490c38a7386d3bd,2b3b34d67f3bd235,ts-route-service-b6c59fb57-zv8dt,SELECT ts.route_distances,1674992143521532070,1674992143522239535,707
bc31c6d6e015f525be8b7b27efba3411,7b84b09752254307,2b3b34d67f3bd235,ts-route-service-b6c59fb57-zv8dt,SELECT ts.route_stations,1674992143522339964,1674992143523157034,817
bc31c6d6e015f525be8b7b27efba3411,e33fc11f4e844793,2b3b34d67f3bd235,ts-route-service-b6c59fb57-zv8dt,SELECT ts.route_distances,1674992143523353886,1674992143524273290,919
bc31c6d6e015f525be8b7b27efba3411,2bad98bf65534c3a,2b3b34d67f3bd235,ts-route-service-b6c59fb57-zv8dt,SELECT ts.route_stations,1674992143524472141,1674992143525337647,865
bc31c6d6e015f525be8b7b27efba3411,8c2b14eb4036a78a,2b3b34d67f3bd235,ts-route-service-b6c59fb57-zv8dt,SELECT ts.route_distances,1674992143525462178,1674992143526214527,752
bc31c6d6e015f525be8b7b27efba3411,e930725d2ce17a4c,0cfada43f20aaea9,ts-price-service-76846864d9-g465z,/api/v1/priceservice/prices/byRouteIdsAndTrainTypes,1674992143547000000,1674992143552382950,5382
bc31c6d6e015f525be8b7b27efba3411,6e262531c03336fe,e930725d2ce17a4c,ts-price-service-76846864d9-g465z,PriceController.query,1674992143547949830,1674992143552005323,4055
bc31c6d6e015f525be8b7b27efba3411,532f5fb39ed9be8e,6e262531c03336fe,ts-price-service-76846864d9-g465z,PriceConfigRepository.findByRouteIdsAndTrainTypes,1674992143549162762,1674992143551433845,2271
bc31c6d6e015f525be8b7b27efba3411,1dc78bbbb300a50c,532f5fb39ed9be8e,ts-price-service-76846864d9-g465z,SELECT price_config,1674992143549393566,1674992143551410936,2017
bc31c6d6e015f525be8b7b27efba3411,afc2e2218d28996c,1dc78bbbb300a50c,ts-price-service-76846864d9-g465z,SELECT ts.price_config,1674992143550422481,1674992143551255311,832
bc31c6d6e015f525be8b7b27efba3411,589d0bcb4ef99846,5cc38c0891109e8f,ts-seat-service-5c95b49cff-tdsdz,/api/v1/seatservice/seats/left_tickets,1674992143573000000,1674992143596196141,23196
bc31c6d6e015f525be8b7b27efba3411,ba905cd8c60b6b70,0ad53551897aeeaa,ts-seat-service-5c95b49cff-tdsdz,/api/v1/seatservice/seats/left_tickets,1674992143601000000,1674992143632586391,31586
bc31c6d6e015f525be8b7b27efba3411,785afc775a378209,589d0bcb4ef99846,ts-seat-service-5c95b49cff-tdsdz,SeatController.getLeftTicketOfInterval,1674992143573597097,1674992143595987144,22390
bc31c6d6e015f525be8b7b27efba3411,4c103793969e3f6d,ba905cd8c60b6b70,ts-seat-service-5c95b49cff-tdsdz,SeatController.getLeftTicketOfInterval,1674992143601484172,1674992143632370413,30886
bc31c6d6e015f525be8b7b27efba3411,2230c5c622b6b433,785afc775a378209,ts-seat-service-5c95b49cff-tdsdz,HTTP POST,1674992143575774818,1674992143587046295,11271
bc31c6d6e015f525be8b7b27efba3411,1a9d4af9b71bab50,785afc775a378209,ts-seat-service-5c95b49cff-tdsdz,HTTP GET,1674992143588283086,1674992143594860220,6577
bc31c6d6e015f525be8b7b27efba3411,c06bf91b550f5e53,4c103793969e3f6d,ts-seat-service-5c95b49cff-tdsdz,HTTP POST,1674992143603192500,1674992143607572002,4379
bc31c6d6e015f525be8b7b27efba3411,243b913becebca4d,4c103793969e3f6d,ts-seat-service-5c95b49cff-tdsdz,HTTP GET,1674992143608516507,1674992143631327404,22810
bc31c6d6e015f525be8b7b27efba3411,c1d53f9caee82063,2230c5c622b6b433,ts-order-other-service-6cdbf9b4cc-h7mqk,/api/v1/orderOtherService/orderOther/tickets,1674992143581000000,1674992143584186249,3186
bc31c6d6e015f525be8b7b27efba3411,aceaabfd49f926ba,c06bf91b550f5e53,ts-order-other-service-6cdbf9b4cc-h7mqk,/api/v1/orderOtherService/orderOther/tickets,1674992143604000000,1674992143606129241,2129
bc31c6d6e015f525be8b7b27efba3411,130e8687a1b1c6ef,c1d53f9caee82063,ts-order-other-service-6cdbf9b4cc-h7mqk,OrderOtherController.getTicketListByDateAndTripId,1674992143581526127,1674992143584034443,2508
bc31c6d6e015f525be8b7b27efba3411,134a78f1c709ceac,aceaabfd49f926ba,ts-order-other-service-6cdbf9b4cc-h7mqk,OrderOtherController.getTicketListByDateAndTripId,1674992143604333225,1674992143606024023,1690
bc31c6d6e015f525be8b7b27efba3411,adab8ed6537ea779,130e8687a1b1c6ef,ts-order-other-service-6cdbf9b4cc-h7mqk,OrderOtherRepository.findByTravelDateAndTrainNumber,1674992143582139102,1674992143583527128,1388
bc31c6d6e015f525be8b7b27efba3411,975f35b658fc5e9d,134a78f1c709ceac,ts-order-other-service-6cdbf9b4cc-h7mqk,OrderOtherRepository.findByTravelDateAndTrainNumber,1674992143604756630,1674992143605620776,864
bc31c6d6e015f525be8b7b27efba3411,4b97d2c6c1303cf0,adab8ed6537ea779,ts-order-other-service-6cdbf9b4cc-h7mqk,SELECT Order,1674992143582205795,1674992143583517233,1311
bc31c6d6e015f525be8b7b27efba3411,b31a43a6be9a6653,975f35b658fc5e9d,ts-order-other-service-6cdbf9b4cc-h7mqk,SELECT Order,1674992143604804447,1674992143605612812,808
bc31c6d6e015f525be8b7b27efba3411,0c116182b7da30a0,4b97d2c6c1303cf0,ts-order-other-service-6cdbf9b4cc-h7mqk,SELECT ts.orders_other,1674992143582817464,1674992143583500679,683
bc31c6d6e015f525be8b7b27efba3411,0cad62f043380b7c,b31a43a6be9a6653,ts-order-other-service-6cdbf9b4cc-h7mqk,SELECT ts.orders_other,1674992143604899811,1674992143605598785,698
bc31c6d6e015f525be8b7b27efba3411,bf3bcbe600f6d0b5,1a9d4af9b71bab50,ts-config-service-5fcd447d84-wxwjd,/api/v1/configservice/configs/{configName},1674992143591000000,1674992143593848556,2848
bc31c6d6e015f525be8b7b27efba3411,2b1168a1e53f059a,243b913becebca4d,ts-config-service-5fcd447d84-wxwjd,/api/v1/configservice/configs/{configName},1674992143609000000,1674992143610507521,1507
bc31c6d6e015f525be8b7b27efba3411,d8435201c4857a1a,bf3bcbe600f6d0b5,ts-config-service-5fcd447d84-wxwjd,ConfigController.retrieve,1674992143591477641,1674992143593679620,2201
bc31c6d6e015f525be8b7b27efba3411,8e3a495e9d98a1fc,2b1168a1e53f059a,ts-config-service-5fcd447d84-wxwjd,ConfigController.retrieve,1674992143609260789,1674992143610394915,1134
bc31c6d6e015f525be8b7b27efba3411,1e1fdc8471013024,d8435201c4857a1a,ts-config-service-5fcd447d84-wxwjd,ConfigRepository.findByName,1674992143591967143,1674992143593122111,1154
bc31c6d6e015f525be8b7b27efba3411,f37f946ef2a92677,8e3a495e9d98a1fc,ts-config-service-5fcd447d84-wxwjd,ConfigRepository.findByName,1674992143609523483,1674992143610044312,520
bc31c6d6e015f525be8b7b27efba3411,d5bd898df2d35283,1e1fdc8471013024,ts-config-service-5fcd447d84-wxwjd,SELECT Config,1674992143592032655,1674992143593117596,1084
bc31c6d6e015f525be8b7b27efba3411,7c5c81594d424183,f37f946ef2a92677,ts-config-service-5fcd447d84-wxwjd,SELECT Config,1674992143609553891,1674992143610041275,487
bc31c6d6e015f525be8b7b27efba3411,530508d7e0242b5b,d5bd898df2d35283,ts-config-service-5fcd447d84-wxwjd,SELECT ts.config,1674992143592626320,1674992143593055707,429
bc31c6d6e015f525be8b7b27efba3411,b86bc7ce569f281c,7c5c81594d424183,ts-config-service-5fcd447d84-wxwjd,SELECT ts.config,1674992143609595480,1674992143610012468,416
86e37a8ba43eab0fb216d4316241d350,665006a4332a2aac,root,ts-gateway-service-6f6cfc45b-h5m2n,/*,1674992139981000000,1674992140195420238,214420
86e37a8ba43eab0fb216d4316241d350,0a3ceb6d92000d3e,665006a4332a2aac,ts-gateway-service-6f6cfc45b-h5m2n,FilteringWebHandler.handle,1674992139981486075,1674992140195210272,213724
86e37a8ba43eab0fb216d4316241d350,ab765f2c50024d2b,665006a4332a2aac,ts-gateway-service-6f6cfc45b-h5m2n,HTTP POST,1674992139982352506,1674992140195374089,213021
86e37a8ba43eab0fb216d4316241d350,414a722c0f79b252,ab765f2c50024d2b,ts-auth-service-7f8d7d756d-k7b9j,/api/v1/users/login,1674992139984000000,1674992140193961456,209961
86e37a8ba43eab0fb216d4316241d350,80e8c56bcc663fc9,414a722c0f79b252,ts-auth-service-7f8d7d756d-k7b9j,UserController.getToken,1674992139985748374,1674992140193426071,207677
86e37a8ba43eab0fb216d4316241d350,00d9c4404f297697,80e8c56bcc663fc9,ts-auth-service-7f8d7d756d-k7b9j,HTTP GET,1674992139987126462,1674992139992155589,5029
86e37a8ba43eab0fb216d4316241d350,87e33870c0a19587,00d9c4404f297697,ts-verification-code-service-7b6dc75c45-2z9p2,/api/v1/verifycode/verify/{verifyCode},1674992139990000000,1674992139992528849,2528
86e37a8ba43eab0fb216d4316241d350,67227fe437b367fc,87e33870c0a19587,ts-verification-code-service-7b6dc75c45-2z9p2,VerifyCodeController.verifyCode,1674992139990880876,1674992139992156729,1275
86e37a8ba43eab0fb216d4316241d350,7bb4512ffadfa227,80e8c56bcc663fc9,ts-auth-service-7f8d7d756d-k7b9j,UserRepository.findByUsername,1674992139992755892,1674992139995292177,2536
86e37a8ba43eab0fb216d4316241d350,ba552851e554e65c,80e8c56bcc663fc9,ts-auth-service-7f8d7d756d-k7b9j,UserRepository.findByUsername,1674992140191678643,1674992140192409541,730
86e37a8ba43eab0fb216d4316241d350,66b2362564b08d2f,7bb4512ffadfa227,ts-auth-service-7f8d7d756d-k7b9j,SELECT User,1674992139992953385,1674992139995267523,2314
86e37a8ba43eab0fb216d4316241d350,e6a60d35d81bd4da,ba552851e554e65c,ts-auth-service-7f8d7d756d-k7b9j,SELECT User,1674992140191808630,1674992140192390748,582
86e37a8ba43eab0fb216d4316241d350,3e0228b490ad7013,66b2362564b08d2f,ts-auth-service-7f8d7d756d-k7b9j,SELECT ts.auth_user,1674992139994505650,1674992139995071814,566
86e37a8ba43eab0fb216d4316241d350,9f9f724b39ea4d3b,80e8c56bcc663fc9,ts-auth-service-7f8d7d756d-k7b9j,SELECT ts.user_roles,1674992140137641618,1674992140191461147,53819
86e37a8ba43eab0fb216d4316241d350,5b7a01f9fed821db,e6a60d35d81bd4da,ts-auth-service-7f8d7d756d-k7b9j,SELECT ts.auth_user,1674992140191889298,1674992140192338078,448
720a4b79a7c2ada9151e1f7c4bcf7239,ec896bfa45da6232,root,ts-gateway-service-6f6cfc45b-h5m2n,/*,1674992112770000000,1674992113095072873,325072
720a4b79a7c2ada9151e1f7c4bcf7239,5681609d36348582,ec896bfa45da6232,ts-gateway-service-6f6cfc45b-h5m2n,FilteringWebHandler.handle,1674992112770457660,1674992113094862011,324404
720a4b79a7c2ada9151e1f7c4bcf7239,79297a41a0adbb2b,ec896bfa45da6232,ts-gateway-service-6f6cfc45b-h5m2n,HTTP POST,1674992112771347436,1674992113095031674,323684
720a4b79a7c2ada9151e1f7c4bcf7239,15df5d0eea3de7da,79297a41a0adbb2b,ts-auth-service-7f8d7d756d-k7b9j,/api/v1/users/login,1674992112773000000,1674992113093620044,320620
720a4b79a7c2ada9151e1f7c4bcf7239,e77623c3859ef02c,15df5d0eea3de7da,ts-auth-service-7f8d7d756d-k7b9j,UserController.getToken,1674992112774436201,1674992113092991016,318554
720a4b79a7c2ada9151e1f7c4bcf7239,19826861cff66abe,e77623c3859ef02c,ts-auth-service-7f8d7d756d-k7b9j,HTTP GET,1674992112775590754,1674992112897948630,122357
720a4b79a7c2ada9151e1f7c4bcf7239,4011da354f40605c,19826861cff66abe,ts-verification-code-service-7b6dc75c45-2z9p2,/api/v1/verifycode/verify/{verifyCode},1674992112777000000,1674992112898057190,121057
720a4b79a7c2ada9151e1f7c4bcf7239,fadec73e8043f162,4011da354f40605c,ts-verification-code-service-7b6dc75c45-2z9p2,VerifyCodeController.verifyCode,1674992112800725212,1674992112897664071,96938
720a4b79a7c2ada9151e1f7c4bcf7239,6355186049cb3214,e77623c3859ef02c,ts-auth-service-7f8d7d756d-k7b9j,UserRepository.findByUsername,1674992112898656516,1674992112900166775,1510
720a4b79a7c2ada9151e1f7c4bcf7239,818af3ce06613fe3,e77623c3859ef02c,ts-auth-service-7f8d7d756d-k7b9j,UserRepository.findByUsername,1674992113039684288,1674992113091799971,52115
720a4b79a7c2ada9151e1f7c4bcf7239,f1b450a064cd3b07,6355186049cb3214,ts-auth-service-7f8d7d756d-k7b9j,SELECT User,1674992112898803629,1674992112900140126,1336
720a4b79a7c2ada9151e1f7c4bcf7239,2b104e10b9396d82,818af3ce06613fe3,ts-auth-service-7f8d7d756d-k7b9j,SELECT User,1674992113039868854,1674992113091767952,51899
720a4b79a7c2ada9151e1f7c4bcf7239,d8007b62880d51e9,f1b450a064cd3b07,ts-auth-service-7f8d7d756d-k7b9j,SELECT ts.auth_user,1674992112899455930,1674992112899967927,511
720a4b79a7c2ada9151e1f7c4bcf7239,0ec2e01bf65bb206,e77623c3859ef02c,ts-auth-service-7f8d7d756d-k7b9j,SELECT ts.user_roles,1674992113038645954,1674992113039445370,799
720a4b79a7c2ada9151e1f7c4bcf7239,ce5cfb3359fb5a90,2b104e10b9396d82,ts-auth-service-7f8d7d756d-k7b9j,SELECT ts.auth_user,1674992113039955030,1674992113091702208,51747
472a1fabc9aacd4b9e365ec448a059b6,ac7e3d609f4fbddf,root,ts-gateway-service-6f6cfc45b-h5m2n,/*,1674992128479000000,1674992128597372811,118372
472a1fabc9aacd4b9e365ec448a059b6,5a2cc4ca58707be5,ac7e3d609f4fbddf,ts-gateway-service-6f6cfc45b-h5m2n,FilteringWebHandler.handle,1674992128479891434,1674992128597167603,117276
472a1fabc9aacd4b9e365ec448a059b6,10bc091e89f07ecb,ac7e3d609f4fbddf,ts-gateway-service-6f6cfc45b-h5m2n,HTTP POST,1674992128481099146,1674992128597363090,116263
472a1fabc9aacd4b9e365ec448a059b6,035976183f87d128,10bc091e89f07ecb,ts-travel2-service-5c66d57d58-6mp2b,/api/v1/travel2service/trips/left,1674992128483000000,1674992128596091201,113091
472a1fabc9aacd4b9e365ec448a059b6,dae1645efac134c3,035976183f87d128,ts-travel2-service-5c66d57d58-6mp2b,Travel2Controller.queryInfo,1674992128483818744,1674992128595723342,111904
472a1fabc9aacd4b9e365ec448a059b6,71b6c9520aef4a4e,dae1645efac134c3,ts-travel2-service-5c66d57d58-6mp2b,TripRepository.findAll,1674992128484424420,1674992128488187237,3762
472a1fabc9aacd4b9e365ec448a059b6,f2163f2009a678ca,71b6c9520aef4a4e,ts-travel2-service-5c66d57d58-6mp2b,SELECT Trip,1674992128486250178,1674992128487072984,822
472a1fabc9aacd4b9e365ec448a059b6,d1d93c48d2598554,71b6c9520aef4a4e,ts-travel2-service-5c66d57d58-6mp2b,Transaction.commit,1674992128487095282,1674992128487855641,760
472a1fabc9aacd4b9e365ec448a059b6,6c7c29a61ef7c3e3,f2163f2009a678ca,ts-travel2-service-5c66d57d58-6mp2b,SELECT ts.trip2,1674992128486357137,1674992128486964492,607
472a1fabc9aacd4b9e365ec448a059b6,96d324ac26a1929e,dae1645efac134c3,ts-travel2-service-5c66d57d58-6mp2b,HTTP POST,1674992128488767645,1674992128539853982,51086
472a1fabc9aacd4b9e365ec448a059b6,eae1b0b77ab4b206,dae1645efac134c3,ts-travel2-service-5c66d57d58-6mp2b,HTTP POST,1674992128541239195,1674992128579156312,37917
472a1fabc9aacd4b9e365ec448a059b6,d4ce076c9fe0f2c5,dae1645efac134c3,ts-travel2-service-5c66d57d58-6mp2b,HTTP POST,1674992128579981842,1674992128594736229,14754
472a1fabc9aacd4b9e365ec448a059b6,53f27b1912bfa6ab,96d324ac26a1929e,ts-basic-service-5dc8d4f9fd-46997,/api/v1/basicservice/basic/travels,1674992128491000000,1674992128539102170,48102
472a1fabc9aacd4b9e365ec448a059b6,00b90da61d6657c4,53f27b1912bfa6ab,ts-basic-service-5dc8d4f9fd-46997,BasicController.queryForTravels,1674992128491478833,1674992128538964404,47485
472a1fabc9aacd4b9e365ec448a059b6,c6ab561dde3a6ab9,00b90da61d6657c4,ts-basic-service-5dc8d4f9fd-46997,HTTP POST,1674992128492627704,1674992128498256432,5628
472a1fabc9aacd4b9e365ec448a059b6,bfbd2e42dca72e1f,00b90da61d6657c4,ts-basic-service-5dc8d4f9fd-46997,HTTP POST,1674992128498839535,1674992128507461966,8622
472a1fabc9aacd4b9e365ec448a059b6,7309a45691aeb7fc,00b90da61d6657c4,ts-basic-service-5dc8d4f9fd-46997,HTTP POST,1674992128508541912,1674992128527863301,19321
472a1fabc9aacd4b9e365ec448a059b6,994e9773688043ac,00b90da61d6657c4,ts-basic-service-5dc8d4f9fd-46997,HTTP POST,1674992128529223024,1674992128537522002,8298
472a1fabc9aacd4b9e365ec448a059b6,4bf6855ddde7fea3,c6ab561dde3a6ab9,ts-station-service-7f4f5f6f77-5qb6j,/api/v1/stationservice/stations/idlist,1674992128495000000,1674992128498273131,3273
472a1fabc9aacd4b9e365ec448a059b6,58eadbb10caec16b,4bf6855ddde7fea3,ts-station-service-7f4f5f6f77-5qb6j,StationController.queryForIdBatch,1674992128495576810,1674992128498084803,2507
472a1fabc9aacd4b9e365ec448a059b6,b69e3175f1de8c25,58eadbb10caec16b,ts-station-service-7f4f5f6f77-5qb6j,StationRepository.findByNames,1674992128496288266,1674992128497800221,1511
472a1fabc9aacd4b9e365ec448a059b6,367c8b06bcc31ce8,b69e3175f1de8c25,ts-station-service-7f4f5f6f77-5qb6j,SELECT station,1674992128496394953,1674992128497788071,1393
472a1fabc9aacd4b9e365ec448a059b6,0ef289475da4eb9d,367c8b06bcc31ce8,ts-station-service-7f4f5f6f77-5qb6j,SELECT ts.station,1674992128497077982,1674992128497701121,623
472a1fabc9aacd4b9e365ec448a059b6,4ac2dbe5972b340a,bfbd2e42dca72e1f,ts-train-service-86f5f97bc9-dkqmf,/api/v1/trainservice/trains/byNames,1674992128502000000,1674992128507815780,5815
472a1fabc9aacd4b9e365ec448a059b6,933718e77f0974bb,4ac2dbe5972b340a,ts-train-service-86f5f97bc9-dkqmf,TrainController.retrieveByName,1674992128503087610,1674992128507320735,4233
472a1fabc9aacd4b9e365ec448a059b6,7b08d18f78df7ee4,933718e77f0974bb,ts-train-service-86f5f97bc9-dkqmf,TrainTypeRepository.findByNames,1674992128504298999,1674992128506756788,2457
472a1fabc9aacd4b9e365ec448a059b6,e986cb032eac741e,7b08d18f78df7ee4,ts-train-service-86f5f97bc9-dkqmf,SELECT train_type,1674992128504481936,1674992128506731996,2250
472a1fabc9aacd4b9e365ec448a059b6,0db6d9398cfe53db,e986cb032eac741e,ts-train-service-86f5f97bc9-dkqmf,SELECT ts.train_type,1674992128505668189,1674992128506591610,923
472a1fabc9aacd4b9e365ec448a059b6,0f84b205050a3a87,7309a45691aeb7fc,ts-route-service-b6c59fb57-zv8dt,/api/v1/routeservice/routes/byIds/,1674992128512000000,1674992128527840663,15840
472a1fabc9aacd4b9e365ec448a059b6,429a4a081f7be33e,0f84b205050a3a87,ts-route-service-b6c59fb57-zv8dt,RouteController.queryByIds,1674992128513163975,1674992128527227775,14063
472a1fabc9aacd4b9e365ec448a059b6,b328a09b17318eb7,429a4a081f7be33e,ts-route-service-b6c59fb57-zv8dt,RouteRepository.findByIds,1674992128514530487,1674992128517528666,2998
472a1fabc9aacd4b9e365ec448a059b6,ea702e6bea4dc4e9,b328a09b17318eb7,ts-route-service-b6c59fb57-zv8dt,SELECT route,1674992128514820185,1674992128517495057,2674
472a1fabc9aacd4b9e365ec448a059b6,effd20b3e51c50e4,ea702e6bea4dc4e9,ts-route-service-b6c59fb57-zv8dt,SELECT ts.route,1674992128516147081,1674992128517241986,1094
472a1fabc9aacd4b9e365ec448a059b6,272f9bdf58ef26be,429a4a081f7be33e,ts-route-service-b6c59fb57-zv8dt,SELECT ts.route_stations,1674992128517934025,1674992128518952229,1018
472a1fabc9aacd4b9e365ec448a059b6,0139720c3857586c,429a4a081f7be33e,ts-route-service-b6c59fb57-zv8dt,SELECT ts.route_distances,1674992128519137988,1674992128519977517,839
472a1fabc9aacd4b9e365ec448a059b6,8ef252812f20228d,429a4a081f7be33e,ts-route-service-b6c59fb57-zv8dt,SELECT ts.route_stations,1674992128520107734,1674992128520858419,750
472a1fabc9aacd4b9e365ec448a059b6,93879285b7699dba,429a4a081f7be33e,ts-route-service-b6c59fb57-zv8dt,SELECT ts.route_distances,1674992128520960419,1674992128521649753,689
472a1fabc9aacd4b9e365ec448a059b6,13879f6927cdea29,429a4a081f7be33e,ts-route-service-b6c59fb57-zv8dt,SELECT ts.route_stations,1674992128521756656,1674992128522737164,980
472a1fabc9aacd4b9e365ec448a059b6,2dc6f9fe7b857f85,429a4a081f7be33e,ts-route-service-b6c59fb57-zv8dt,SELECT ts.route_distances,1674992128522952350,1674992128523794385,842
472a1fabc9aacd4b9e365ec448a059b6,69ffb1880f49d906,429a4a081f7be33e,ts-route-service-b6c59fb57-zv8dt,SELECT ts.route_stations,1674992128523938876,1674992128524639134,700
472a1fabc9aacd4b9e365ec448a059b6,45241e4ce9eca32d,429a4a081f7be33e,ts-route-service-b6c59fb57-zv8dt,SELECT ts.route_distances,1674992128524737215,1674992128525385575,648
472a1fabc9aacd4b9e365ec448a059b6,ba40e4fdbc7f9487,429a4a081f7be33e,ts-route-service-b6c59fb57-zv8dt,SELECT ts.route_stations,1674992128525479680,1674992128526131926,652
472a1fabc9aacd4b9e365ec448a059b6,ae7df421d4cc756c,429a4a081f7be33e,ts-route-service-b6c59fb57-zv8dt,SELECT ts.route_distances,1674992128526218759,1674992128526868728,649
472a1fabc9aacd4b9e365ec448a059b6,b1c3bd3a4653ad42,994e9773688043ac,ts-price-service-76846864d9-g465z,/api/v1/priceservice/prices/byRouteIdsAndTrainTypes,1674992128532000000,1674992128537331912,5331
472a1fabc9aacd4b9e365ec448a059b6,beea07b583507ce9,b1c3bd3a4653ad42,ts-price-service-76846864d9-g465z,PriceController.query,1674992128533062438,1674992128536963149,3900
472a1fabc9aacd4b9e365ec448a059b6,9da6860e4cade6b2,beea07b583507ce9,ts-price-service-76846864d9-g465z,PriceConfigRepository.findByRouteIdsAndTrainTypes,1674992128534218733,1674992128536412011,2193
472a1fabc9aacd4b9e365ec448a059b6,8c98722489072774,9da6860e4cade6b2,ts-price-service-76846864d9-g465z,SELECT price_config,1674992128534402893,1674992128536391599,1988
472a1fabc9aacd4b9e365ec448a059b6,df5e8c517135d308,8c98722489072774,ts-price-service-76846864d9-g465z,SELECT ts.price_config,1674992128535427086,1674992128536253209,826
472a1fabc9aacd4b9e365ec448a059b6,65cd475da18c06df,eae1b0b77ab4b206,ts-seat-service-5c95b49cff-tdsdz,/api/v1/seatservice/seats/left_tickets,1674992128557000000,1674992128577746554,20746
472a1fabc9aacd4b9e365ec448a059b6,4827ba7b28fb0f22,d4ce076c9fe0f2c5,ts-seat-service-5c95b49cff-tdsdz,/api/v1/seatservice/seats/left_tickets,1674992128582000000,1674992128594385217,12385
472a1fabc9aacd4b9e365ec448a059b6,93658163b03483bd,65cd475da18c06df,ts-seat-service-5c95b49cff-tdsdz,SeatController.getLeftTicketOfInterval,1674992128557646543,1674992128577513298,19866
472a1fabc9aacd4b9e365ec448a059b6,d4941b406455eedd,4827ba7b28fb0f22,ts-seat-service-5c95b49cff-tdsdz,SeatController.getLeftTicketOfInterval,1674992128582434821,1674992128594199457,11764
472a1fabc9aacd4b9e365ec448a059b6,be66e435aaad19a3,93658163b03483bd,ts-seat-service-5c95b49cff-tdsdz,HTTP POST,1674992128560011908,1674992128568516177,8504
472a1fabc9aacd4b9e365ec448a059b6,8c87004cf0bce984,93658163b03483bd,ts-seat-service-5c95b49cff-tdsdz,HTTP GET,1674992128569785618,1674992128576340842,6555
472a1fabc9aacd4b9e365ec448a059b6,20c00eecf488a4ce,d4941b406455eedd,ts-seat-service-5c95b49cff-tdsdz,HTTP POST,1674992128584178059,1674992128588364464,4186
472a1fabc9aacd4b9e365ec448a059b6,95a7d2d34fed04d5,d4941b406455eedd,ts-seat-service-5c95b49cff-tdsdz,HTTP GET,1674992128589524315,1674992128593156559,3632
472a1fabc9aacd4b9e365ec448a059b6,dc2bba663703c4f4,be66e435aaad19a3,ts-order-other-service-6cdbf9b4cc-h7mqk,/api/v1/orderOtherService/orderOther/tickets,1674992128563000000,1674992128566689430,3689
472a1fabc9aacd4b9e365ec448a059b6,e49fe2ff095ef655,20c00eecf488a4ce,ts-order-other-service-6cdbf9b4cc-h7mqk,/api/v1/orderOtherService/orderOther/tickets,1674992128585000000,1674992128587175525,2175
472a1fabc9aacd4b9e365ec448a059b6,6ab754eae1952c74,dc2bba663703c4f4,ts-order-other-service-6cdbf9b4cc-h7mqk,OrderOtherController.getTicketListByDateAndTripId,1674992128563594293,1674992128566463226,2868
472a1fabc9aacd4b9e365ec448a059b6,eca246a922746231,e49fe2ff095ef655,ts-order-other-service-6cdbf9b4cc-h7mqk,OrderOtherController.getTicketListByDateAndTripId,1674992128585259111,1674992128587073680,1814
472a1fabc9aacd4b9e365ec448a059b6,390a7ea18fc6701a,6ab754eae1952c74,ts-order-other-service-6cdbf9b4cc-h7mqk,OrderOtherRepository.findByTravelDateAndTrainNumber,1674992128564232102,1674992128565747347,1515
472a1fabc9aacd4b9e365ec448a059b6,caabe39d72db1a02,eca246a922746231,ts-order-other-service-6cdbf9b4cc-h7mqk,OrderOtherRepository.findByTravelDateAndTrainNumber,1674992128585589620,1674992128586703451,1113
472a1fabc9aacd4b9e365ec448a059b6,fdb3076e2feac658,390a7ea18fc6701a,ts-order-other-service-6cdbf9b4cc-h7mqk,SELECT Order,1674992128564307248,1674992128565731376,1424
472a1fabc9aacd4b9e365ec448a059b6,82f84273bb03b918,caabe39d72db1a02,ts-order-other-service-6cdbf9b4cc-h7mqk,SELECT Order,1674992128585642000,1674992128586695877,1053
472a1fabc9aacd4b9e365ec448a059b6,f5eb38752de1e811,fdb3076e2feac658,ts-order-other-service-6cdbf9b4cc-h7mqk,SELECT ts.orders_other,1674992128565055408,1674992128565707159,651
472a1fabc9aacd4b9e365ec448a059b6,0ebb2901a35377ff,82f84273bb03b918,ts-order-other-service-6cdbf9b4cc-h7mqk,SELECT ts.orders_other,1674992128586116142,1674992128586685339,569
472a1fabc9aacd4b9e365ec448a059b6,84fca37e685765b0,8c87004cf0bce984,ts-config-service-5fcd447d84-wxwjd,/api/v1/configservice/configs/{configName},1674992128573000000,1674992128575861132,2861
472a1fabc9aacd4b9e365ec448a059b6,83382b78f87a0630,95a7d2d34fed04d5,ts-config-service-5fcd447d84-wxwjd,/api/v1/configservice/configs/{configName},1674992128590000000,1674992128591498029,1498
472a1fabc9aacd4b9e365ec448a059b6,d26a7b7e947e8954,84fca37e685765b0,ts-config-service-5fcd447d84-wxwjd,ConfigController.retrieve,1674992128573554769,1674992128575704397,2149
472a1fabc9aacd4b9e365ec448a059b6,c94c197af2b9b4f3,83382b78f87a0630,ts-config-service-5fcd447d84-wxwjd,ConfigController.retrieve,1674992128590264849,1674992128591409469,1144
472a1fabc9aacd4b9e365ec448a059b6,f04abb6d4ee81e9e,d26a7b7e947e8954,ts-config-service-5fcd447d84-wxwjd,ConfigRepository.findByName,1674992128574127657,1674992128575195035,1067
472a1fabc9aacd4b9e365ec448a059b6,c48152ef30a96083,c94c197af2b9b4f3,ts-config-service-5fcd447d84-wxwjd,ConfigRepository.findByName,1674992128590501012,1674992128591076026,575
472a1fabc9aacd4b9e365ec448a059b6,57cc992b0d38aad3,f04abb6d4ee81e9e,ts-config-service-5fcd447d84-wxwjd,SELECT Config,1674992128574244794,1674992128575189554,944
472a1fabc9aacd4b9e365ec448a059b6,85cf0a38a4a7c1c0,c48152ef30a96083,ts-config-service-5fcd447d84-wxwjd,SELECT Config,1674992128590544044,1674992128591073656,529
472a1fabc9aacd4b9e365ec448a059b6,7a1aa46901a8c672,57cc992b0d38aad3,ts-config-service-5fcd447d84-wxwjd,SELECT ts.config,1674992128574751366,1674992128575139542,388
472a1fabc9aacd4b9e365ec448a059b6,3dd13b837911066c,85cf0a38a4a7c1c0,ts-config-service-5fcd447d84-wxwjd,SELECT ts.config,1674992128590582811,1674992128591046924,464
3856bd13d086f79a38e8fe678c6a152b,7ae0ddb85d9c8e8e,root,ts-gateway-service-6f6cfc45b-h5m2n,/*,1674992145915000000,1674992146010054898,95054
3856bd13d086f79a38e8fe678c6a152b,b5c83e72c84c1e5b,7ae0ddb85d9c8e8e,ts-gateway-service-6f6cfc45b-h5m2n,FilteringWebHandler.handle,1674992145915804166,1674992146009814587,94010
3856bd13d086f79a38e8fe678c6a152b,67796ae469b6327b,7ae0ddb85d9c8e8e,ts-gateway-service-6f6cfc45b-h5m2n,HTTP POST,1674992145916746504,1674992146010002379,93255
3856bd13d086f79a38e8fe678c6a152b,63b0b71148e243f7,67796ae469b6327b,ts-travel2-service-5c66d57d58-6mp2b,/api/v1/travel2service/trips/left,1674992145918000000,1674992146008184404,90184
3856bd13d086f79a38e8fe678c6a152b,02db8bec3c8c0d21,63b0b71148e243f7,ts-travel2-service-5c66d57d58-6mp2b,Travel2Controller.queryInfo,1674992145919015503,1674992146007759560,88744
3856bd13d086f79a38e8fe678c6a152b,7d4202c0c06d4079,02db8bec3c8c0d21,ts-travel2-service-5c66d57d58-6mp2b,TripRepository.findAll,1674992145919812163,1674992145923516766,3704
3856bd13d086f79a38e8fe678c6a152b,e1189f1cfbd96509,7d4202c0c06d4079,ts-travel2-service-5c66d57d58-6mp2b,SELECT Trip,1674992145921420139,1674992145922293906,873
3856bd13d086f79a38e8fe678c6a152b,9aa089ace8265866,7d4202c0c06d4079,ts-travel2-service-5c66d57d58-6mp2b,Transaction.commit,1674992145922324494,1674992145923089248,764
3856bd13d086f79a38e8fe678c6a152b,82a50983e5660583,e1189f1cfbd96509,ts-travel2-service-5c66d57d58-6mp2b,SELECT ts.trip2,1674992145921576289,1674992145922154391,578
3856bd13d086f79a38e8fe678c6a152b,078735a4f2cb837c,02db8bec3c8c0d21,ts-travel2-service-5c66d57d58-6mp2b,HTTP POST,1674992145924597477,1674992145968378553,43781
3856bd13d086f79a38e8fe678c6a152b,83fae2b69dd6f89f,02db8bec3c8c0d21,ts-travel2-service-5c66d57d58-6mp2b,HTTP POST,1674992145969892087,1674992145989963169,20071
3856bd13d086f79a38e8fe678c6a152b,992db3f394a10c94,02db8bec3c8c0d21,ts-travel2-service-5c66d57d58-6mp2b,HTTP POST,1674992145990771793,1674992146006680886,15909
3856bd13d086f79a38e8fe678c6a152b,cefa54a2123678c4,078735a4f2cb837c,ts-basic-service-5dc8d4f9fd-46997,/api/v1/basicservice/basic/travels,1674992145927000000,1674992145967562299,40562
3856bd13d086f79a38e8fe678c6a152b,a434ef7ccc8a3b16,cefa54a2123678c4,ts-basic-service-5dc8d4f9fd-46997,BasicController.queryForTravels,1674992145927518882,1674992145967429531,39910
3856bd13d086f79a38e8fe678c6a152b,940a5b6b583729c6,a434ef7ccc8a3b16,ts-basic-service-5dc8d4f9fd-46997,HTTP POST,1674992145928470317,1674992145932153429,3683
3856bd13d086f79a38e8fe678c6a152b,9118f734c10807db,a434ef7ccc8a3b16,ts-basic-service-5dc8d4f9fd-46997,HTTP POST,1674992145932694186,1674992145938111513,5417
3856bd13d086f79a38e8fe678c6a152b,7114c2dad184edd4,a434ef7ccc8a3b16,ts-basic-service-5dc8d4f9fd-46997,HTTP POST,1674992145938856086,1674992145954418904,15562
3856bd13d086f79a38e8fe678c6a152b,b5bf8dc80705ad16,a434ef7ccc8a3b16,ts-basic-service-5dc8d4f9fd-46997,HTTP POST,1674992145955568725,1674992145960709328,5140
3856bd13d086f79a38e8fe678c6a152b,34526f3ba69227b7,940a5b6b583729c6,ts-station-service-7f4f5f6f77-5qb6j,/api/v1/stationservice/stations/idlist,1674992145930000000,1674992145932509916,2509
3856bd13d086f79a38e8fe678c6a152b,0385332bb65631c4,34526f3ba69227b7,ts-station-service-7f4f5f6f77-5qb6j,StationController.queryForIdBatch,1674992145930619271,1674992145932382802,1763
3856bd13d086f79a38e8fe678c6a152b,b366b2931f492ba1,0385332bb65631c4,ts-station-service-7f4f5f6f77-5qb6j,StationRepository.findByNames,1674992145931220747,1674992145932186010,965
3856bd13d086f79a38e8fe678c6a152b,9d0220ecbc2d78b0,b366b2931f492ba1,ts-station-service-7f4f5f6f77-5qb6j,SELECT station,1674992145931350953,1674992145932175534,824
3856bd13d086f79a38e8fe678c6a152b,e0337d7de7e5d695,9d0220ecbc2d78b0,ts-station-service-7f4f5f6f77-5qb6j,SELECT ts.station,1674992145931460240,1674992145932116781,656
3856bd13d086f79a38e8fe678c6a152b,abf5cba4b85547a3,9118f734c10807db,ts-train-service-86f5f97bc9-dkqmf,/api/v1/trainservice/trains/byNames,1674992145935000000,1674992145938809040,3809
3856bd13d086f79a38e8fe678c6a152b,d3f7c001b7d4bdf7,abf5cba4b85547a3,ts-train-service-86f5f97bc9-dkqmf,TrainController.retrieveByName,1674992145935773133,1674992145938478293,2705
3856bd13d086f79a38e8fe678c6a152b,001e908fa368f96f,d3f7c001b7d4bdf7,ts-train-service-86f5f97bc9-dkqmf,TrainTypeRepository.findByNames,1674992145936669323,1674992145938036582,1367
3856bd13d086f79a38e8fe678c6a152b,1a37d564d30759c4,001e908fa368f96f,ts-train-service-86f5f97bc9-dkqmf,SELECT train_type,1674992145936811299,1674992145938018760,1207
3856bd13d086f79a38e8fe678c6a152b,38d6b59d66b38e7a,1a37d564d30759c4,ts-train-service-86f5f97bc9-dkqmf,SELECT ts.train_type,1674992145936980303,1674992145937912375,932
3856bd13d086f79a38e8fe678c6a152b,68e8851610cce0a3,7114c2dad184edd4,ts-route-service-b6c59fb57-zv8dt,/api/v1/routeservice/routes/byIds/,1674992145941000000,1674992145954876473,13876
3856bd13d086f79a38e8fe678c6a152b,97e404d068781545,68e8851610cce0a3,ts-route-service-b6c59fb57-zv8dt,RouteController.queryByIds,1674992145941811469,1674992145954510739,12699
3856bd13d086f79a38e8fe678c6a152b,ad292b3fc69b4d92,97e404d068781545,ts-route-service-b6c59fb57-zv8dt,RouteRepository.findByIds,1674992145942842636,1674992145944500934,1658
3856bd13d086f79a38e8fe678c6a152b,5ee7e47625e700a8,ad292b3fc69b4d92,ts-route-service-b6c59fb57-zv8dt,SELECT route,1674992145942997931,1674992145944480959,1483
3856bd13d086f79a38e8fe678c6a152b,2b6d18c41fd430a4,5ee7e47625e700a8,ts-route-service-b6c59fb57-zv8dt,SELECT ts.route,1674992145943196655,1674992145944271940,1075
3856bd13d086f79a38e8fe678c6a152b,1889bfb13486b6c5,97e404d068781545,ts-route-service-b6c59fb57-zv8dt,SELECT ts.route_stations,1674992145944799493,1674992145945822023,1022
3856bd13d086f79a38e8fe678c6a152b,713534e78b67876c,97e404d068781545,ts-route-service-b6c59fb57-zv8dt,SELECT ts.route_distances,1674992145945976192,1674992145947054267,1078
3856bd13d086f79a38e8fe678c6a152b,f18dfa15bb9b310e,97e404d068781545,ts-route-service-b6c59fb57-zv8dt,SELECT ts.route_stations,1674992145947240705,1674992145948110645,869
3856bd13d086f79a38e8fe678c6a152b,28d03a36a353a438,97e404d068781545,ts-route-service-b6c59fb57-zv8dt,SELECT ts.route_distances,1674992145948256929,1674992145948980946,724
3856bd13d086f79a38e8fe678c6a152b,4244d66df2894ec1,97e404d068781545,ts-route-service-b6c59fb57-zv8dt,SELECT ts.route_stations,1674992145949094769,1674992145949859298,764
3856bd13d086f79a38e8fe678c6a152b,9688732cc8aa0db6,97e404d068781545,ts-route-service-b6c59fb57-zv8dt,SELECT ts.route_distances,1674992145950009710,1674992145950772437,762
3856bd13d086f79a38e8fe678c6a152b,6e44b8ed8ab7c988,97e404d068781545,ts-route-service-b6c59fb57-zv8dt,SELECT ts.route_stations,1674992145950890171,1674992145951573170,682
3856bd13d086f79a38e8fe678c6a152b,d3c656f91d81ede5,97e404d068781545,ts-route-service-b6c59fb57-zv8dt,SELECT ts.route_distances,1674992145951670394,1674992145952483309,812
3856bd13d086f79a38e8fe678c6a152b,3baa8d61a98520a7,97e404d068781545,ts-route-service-b6c59fb57-zv8dt,SELECT ts.route_stations,1674992145952578633,1674992145953364805,786
3856bd13d086f79a38e8fe678c6a152b,5225c43481e1769a,97e404d068781545,ts-route-service-b6c59fb57-zv8dt,SELECT ts.route_distances,1674992145953529138,1674992145954258614,729
3856bd13d086f79a38e8fe678c6a152b,791cb7aeb5c61231,b5bf8dc80705ad16,ts-price-service-76846864d9-g465z,/api/v1/priceservice/prices/byRouteIdsAndTrainTypes,1674992145957000000,1674992145960500521,3500
3856bd13d086f79a38e8fe678c6a152b,1668f7622381aa1d,791cb7aeb5c61231,ts-price-service-76846864d9-g465z,PriceController.query,1674992145957656804,1674992145960205449,2548
3856bd13d086f79a38e8fe678c6a152b,5edd5a2b19aeab6c,1668f7622381aa1d,ts-price-service-76846864d9-g465z,PriceConfigRepository.findByRouteIdsAndTrainTypes,1674992145958553804,1674992145959828852,1275
3856bd13d086f79a38e8fe678c6a152b,680aae303b24727b,5edd5a2b19aeab6c,ts-price-service-76846864d9-g465z,SELECT price_config,1674992145958702146,1674992145959812913,1110
3856bd13d086f79a38e8fe678c6a152b,9a5db64d404c31d3,680aae303b24727b,ts-price-service-76846864d9-g465z,SELECT ts.price_config,1674992145958847229,1674992145959717605,870
3856bd13d086f79a38e8fe678c6a152b,b8acc6eb209d1ebe,83fae2b69dd6f89f,ts-seat-service-5c95b49cff-tdsdz,/api/v1/seatservice/seats/left_tickets,1674992145973000000,1674992145988508207,15508
3856bd13d086f79a38e8fe678c6a152b,49015d777388941b,992db3f394a10c94,ts-seat-service-5c95b49cff-tdsdz,/api/v1/seatservice/seats/left_tickets,1674992145993000000,1674992146005691706,12691
3856bd13d086f79a38e8fe678c6a152b,8658d7caef818fac,b8acc6eb209d1ebe,ts-seat-service-5c95b49cff-tdsdz,SeatController.getLeftTicketOfInterval,1674992145973532284,1674992145988305714,14773
3856bd13d086f79a38e8fe678c6a152b,d6fa59840f14e085,49015d777388941b,ts-seat-service-5c95b49cff-tdsdz,SeatController.getLeftTicketOfInterval,1674992145993462025,1674992146005501106,12039
3856bd13d086f79a38e8fe678c6a152b,e8b1e423d6698778,8658d7caef818fac,ts-seat-service-5c95b49cff-tdsdz,HTTP POST,1674992145975735748,1674992145982877521,7141
3856bd13d086f79a38e8fe678c6a152b,a318cced998b8ab8,8658d7caef818fac,ts-seat-service-5c95b49cff-tdsdz,HTTP GET,1674992145983838561,1674992145987325931,3487
3856bd13d086f79a38e8fe678c6a152b,dbcabd0538c5f44a,d6fa59840f14e085,ts-seat-service-5c95b49cff-tdsdz,HTTP POST,1674992145995106307,1674992146000071450,4965
3856bd13d086f79a38e8fe678c6a152b,2b61205b55fe5ba5,d6fa59840f14e085,ts-seat-service-5c95b49cff-tdsdz,HTTP GET,1674992146000970629,1674992146004540124,3569
3856bd13d086f79a38e8fe678c6a152b,5a9467527a8c070d,e8b1e423d6698778,ts-order-other-service-6cdbf9b4cc-h7mqk,/api/v1/orderOtherService/orderOther/tickets,1674992145979000000,1674992145982123210,3123
3856bd13d086f79a38e8fe678c6a152b,b014de73d9a784ee,dbcabd0538c5f44a,ts-order-other-service-6cdbf9b4cc-h7mqk,/api/v1/orderOtherService/orderOther/tickets,1674992145996000000,1674992145998794744,2794
3856bd13d086f79a38e8fe678c6a152b,8835156a043c3785,5a9467527a8c070d,ts-order-other-service-6cdbf9b4cc-h7mqk,OrderOtherController.getTicketListByDateAndTripId,1674992145979545136,1674992145981989377,2444
3856bd13d086f79a38e8fe678c6a152b,c8ec444e8e6239e3,b014de73d9a784ee,ts-order-other-service-6cdbf9b4cc-h7mqk,OrderOtherController.getTicketListByDateAndTripId,1674992145996473882,1674992145998650198,2176
3856bd13d086f79a38e8fe678c6a152b,be0228c0b5732c42,8835156a043c3785,ts-order-other-service-6cdbf9b4cc-h7mqk,OrderOtherRepository.findByTravelDateAndTrainNumber,1674992145980170232,1674992145981453006,1282
3856bd13d086f79a38e8fe678c6a152b,3ced78d28f342c97,c8ec444e8e6239e3,ts-order-other-service-6cdbf9b4cc-h7mqk,OrderOtherRepository.findByTravelDateAndTrainNumber,1674992145997040125,1674992145998240273,1200
3856bd13d086f79a38e8fe678c6a152b,835defb87f4fa357,be0228c0b5732c42,ts-order-other-service-6cdbf9b4cc-h7mqk,SELECT Order,1674992145980236550,1674992145981434105,1197
3856bd13d086f79a38e8fe678c6a152b,d27189351aaaeb88,3ced78d28f342c97,ts-order-other-service-6cdbf9b4cc-h7mqk,SELECT Order,1674992145997117994,1674992145998231916,1113
3856bd13d086f79a38e8fe678c6a152b,6d9d9873df2d2fb4,835defb87f4fa357,ts-order-other-service-6cdbf9b4cc-h7mqk,SELECT ts.orders_other,1674992145980767076,1674992145981418151,651
3856bd13d086f79a38e8fe678c6a152b,ccab796a0e687bf0,d27189351aaaeb88,ts-order-other-service-6cdbf9b4cc-h7mqk,SELECT ts.orders_other,1674992145997643395,1674992145998217142,573
3856bd13d086f79a38e8fe678c6a152b,1950ce334f2ba6dd,a318cced998b8ab8,ts-config-service-5fcd447d84-wxwjd,/api/v1/configservice/configs/{configName},1674992145985000000,1674992145986433849,1433
3856bd13d086f79a38e8fe678c6a152b,06a77c4fabadecea,2b61205b55fe5ba5,ts-config-service-5fcd447d84-wxwjd,/api/v1/configservice/configs/{configName},1674992146002000000,1674992146003402029,1402
3856bd13d086f79a38e8fe678c6a152b,eaabc76f0e7357e3,1950ce334f2ba6dd,ts-config-service-5fcd447d84-wxwjd,ConfigController.retrieve,1674992145985218690,1674992145986352486,1133
3856bd13d086f79a38e8fe678c6a152b,3ce7987d56414993,06a77c4fabadecea,ts-config-service-5fcd447d84-wxwjd,ConfigController.retrieve,1674992146002277637,1674992146003319592,1041
3856bd13d086f79a38e8fe678c6a152b,d8cd4a13c3d39e92,eaabc76f0e7357e3,ts-config-service-5fcd447d84-wxwjd,ConfigRepository.findByName,1674992145985486588,1674992145986037730,551
3856bd13d086f79a38e8fe678c6a152b,a31b83ce0899f557,3ce7987d56414993,ts-config-service-5fcd447d84-wxwjd,ConfigRepository.findByName,1674992146002535518,1674992146003011160,475
3856bd13d086f79a38e8fe678c6a152b,66804f995904938f,d8cd4a13c3d39e92,ts-config-service-5fcd447d84-wxwjd,SELECT Config,1674992145985515170,1674992145986034851,519
3856bd13d086f79a38e8fe678c6a152b,f80b486961394ed7,a31b83ce0899f557,ts-config-service-5fcd447d84-wxwjd,SELECT Config,1674992146002570582,1674992146003008615,438
3856bd13d086f79a38e8fe678c6a152b,1b540f95035acafc,66804f995904938f,ts-config-service-5fcd447d84-wxwjd,SELECT ts.config,1674992145985552371,1674992145986010597,458
3856bd13d086f79a38e8fe678c6a152b,18e139405ff31642,f80b486961394ed7,ts-config-service-5fcd447d84-wxwjd,SELECT ts.config,1674992146002608724,1674992146002982961,374
b8a9b134914839afdcd6163226692ea8,4f43b330e5075d4a,root,ts-gateway-service-6f6cfc45b-h5m2n,/*,1674992135578000000,1674992135964775796,386775
b8a9b134914839afdcd6163226692ea8,ecd29fa7ac612df1,4f43b330e5075d4a,ts-gateway-service-6f6cfc45b-h5m2n,FilteringWebHandler.handle,1674992135578684814,1674992135964564019,385879
b8a9b134914839afdcd6163226692ea8,b9d1c8fad84ed55c,4f43b330e5075d4a,ts-gateway-service-6f6cfc45b-h5m2n,HTTP POST,1674992135579575573,1674992135964721098,385145
b8a9b134914839afdcd6163226692ea8,4cc76fe74e2c4715,b9d1c8fad84ed55c,ts-travel2-service-5c66d57d58-6mp2b,/api/v1/travel2service/trips/left,1674992135581000000,1674992135962728166,381728
b8a9b134914839afdcd6163226692ea8,3bb452c41644f2ba,4cc76fe74e2c4715,ts-travel2-service-5c66d57d58-6mp2b,Travel2Controller.queryInfo,1674992135581780995,1674992135962352665,380571
b8a9b134914839afdcd6163226692ea8,a665159c66f18188,3bb452c41644f2ba,ts-travel2-service-5c66d57d58-6mp2b,TripRepository.findAll,1674992135582406977,1674992135586038237,3631
b8a9b134914839afdcd6163226692ea8,6f2efe08ab057857,a665159c66f18188,ts-travel2-service-5c66d57d58-6mp2b,SELECT Trip,1674992135584135418,1674992135585003895,868
b8a9b134914839afdcd6163226692ea8,7773cf260a65474f,a665159c66f18188,ts-travel2-service-5c66d57d58-6mp2b,Transaction.commit,1674992135585027905,1674992135585714869,686
b8a9b134914839afdcd6163226692ea8,99bdda5b1e679826,6f2efe08ab057857,ts-travel2-service-5c66d57d58-6mp2b,SELECT ts.trip2,1674992135584260515,1674992135584888558,628
b8a9b134914839afdcd6163226692ea8,8aa5e725f3cf5681,3bb452c41644f2ba,ts-travel2-service-5c66d57d58-6mp2b,HTTP POST,1674992135586568893,1674992135887676718,301107
b8a9b134914839afdcd6163226692ea8,a69d77fc620445f6,3bb452c41644f2ba,ts-travel2-service-5c66d57d58-6mp2b,HTTP POST,1674992135889378366,1674992135930651442,41273
b8a9b134914839afdcd6163226692ea8,b252159b959e8f3e,3bb452c41644f2ba,ts-travel2-service-5c66d57d58-6mp2b,HTTP POST,1674992135931520302,1674992135961201331,29681
b8a9b134914839afdcd6163226692ea8,a9e5fab56b013106,8aa5e725f3cf5681,ts-basic-service-5dc8d4f9fd-46997,/api/v1/basicservice/basic/travels,1674992135589000000,1674992135886575473,297575
b8a9b134914839afdcd6163226692ea8,7b55f55e35d044c9,a9e5fab56b013106,ts-basic-service-5dc8d4f9fd-46997,BasicController.queryForTravels,1674992135589555848,1674992135886366867,296811
b8a9b134914839afdcd6163226692ea8,8deb422d384f9341,7b55f55e35d044c9,ts-basic-service-5dc8d4f9fd-46997,HTTP POST,1674992135590998269,1674992135597113396,6115
b8a9b134914839afdcd6163226692ea8,240be8773d207285,7b55f55e35d044c9,ts-basic-service-5dc8d4f9fd-46997,HTTP POST,1674992135597605525,1674992135833318891,235713
b8a9b134914839afdcd6163226692ea8,11a7f3d98b029a2f,7b55f55e35d044c9,ts-basic-service-5dc8d4f9fd-46997,HTTP POST,1674992135834518123,1674992135855057536,20539
b8a9b134914839afdcd6163226692ea8,674caeae3b9718f8,7b55f55e35d044c9,ts-basic-service-5dc8d4f9fd-46997,HTTP POST,1674992135856884933,1674992135884989410,28104
b8a9b134914839afdcd6163226692ea8,954012b817c5a877,8deb422d384f9341,ts-station-service-7f4f5f6f77-5qb6j,/api/v1/stationservice/stations/idlist,1674992135594000000,1674992135597151031,3151
b8a9b134914839afdcd6163226692ea8,7a90c399a5635000,954012b817c5a877,ts-station-service-7f4f5f6f77-5qb6j,StationController.queryForIdBatch,1674992135594547709,1674992135596985676,2437
b8a9b134914839afdcd6163226692ea8,2c18643851774219,7a90c399a5635000,ts-station-service-7f4f5f6f77-5qb6j,StationRepository.findByNames,1674992135595248109,1674992135596738018,1489
b8a9b134914839afdcd6163226692ea8,371db563a64eafe4,2c18643851774219,ts-station-service-7f4f5f6f77-5qb6j,SELECT station,1674992135595347273,1674992135596727729,1380
b8a9b134914839afdcd6163226692ea8,6d842f44eac3a3d2,371db563a64eafe4,ts-station-service-7f4f5f6f77-5qb6j,SELECT ts.station,1674992135596050694,1674992135596666169,615
b8a9b134914839afdcd6163226692ea8,a0090fde0417270c,240be8773d207285,ts-train-service-86f5f97bc9-dkqmf,/api/v1/trainservice/trains/byNames,1674992135827000000,1674992135833273465,6273
b8a9b134914839afdcd6163226692ea8,ff0bde7422b861fd,a0090fde0417270c,ts-train-service-86f5f97bc9-dkqmf,TrainController.retrieveByName,1674992135828124319,1674992135832815062,4690
b8a9b134914839afdcd6163226692ea8,6ec8f9a60c5b2348,ff0bde7422b861fd,ts-train-service-86f5f97bc9-dkqmf,TrainTypeRepository.findByNames,1674992135829352591,1674992135832231380,2878
b8a9b134914839afdcd6163226692ea8,9ad6092755e34075,6ec8f9a60c5b2348,ts-train-service-86f5f97bc9-dkqmf,SELECT train_type,1674992135829586896,1674992135832200533,2613
b8a9b134914839afdcd6163226692ea8,f9b3f8ba006a2d49,9ad6092755e34075,ts-train-service-86f5f97bc9-dkqmf,SELECT ts.train_type,1674992135830938165,1674992135832035336,1097
b8a9b134914839afdcd6163226692ea8,3a1740f844f724b2,11a7f3d98b029a2f,ts-route-service-b6c59fb57-zv8dt,/api/v1/routeservice/routes/byIds/,1674992135838000000,1674992135855251896,17251
b8a9b134914839afdcd6163226692ea8,643d44b93e9b684f,3a1740f844f724b2,ts-route-service-b6c59fb57-zv8dt,RouteController.queryByIds,1674992135839338503,1674992135854276984,14938
b8a9b134914839afdcd6163226692ea8,9782252a73ab4b28,643d44b93e9b684f,ts-route-service-b6c59fb57-zv8dt,RouteRepository.findByIds,1674992135840661185,1674992135843883207,3222
b8a9b134914839afdcd6163226692ea8,96e35e922320e312,9782252a73ab4b28,ts-route-service-b6c59fb57-zv8dt,SELECT route,1674992135841171222,1674992135843859197,2687
b8a9b134914839afdcd6163226692ea8,5e75df315a9af230,96e35e922320e312,ts-route-service-b6c59fb57-zv8dt,SELECT ts.route,1674992135842651330,1674992135843605199,953
b8a9b134914839afdcd6163226692ea8,07a0061ccb26cfc5,643d44b93e9b684f,ts-route-service-b6c59fb57-zv8dt,SELECT ts.route_stations,1674992135844275483,1674992135845146268,870
b8a9b134914839afdcd6163226692ea8,99c0050bada6551f,643d44b93e9b684f,ts-route-service-b6c59fb57-zv8dt,SELECT ts.route_distances,1674992135845287020,1674992135846013513,726
b8a9b134914839afdcd6163226692ea8,4e12f0ce9b6e667b,643d44b93e9b684f,ts-route-service-b6c59fb57-zv8dt,SELECT ts.route_stations,1674992135846129397,1674992135847088417,959
b8a9b134914839afdcd6163226692ea8,1ddb84d032b08b90,643d44b93e9b684f,ts-route-service-b6c59fb57-zv8dt,SELECT ts.route_distances,1674992135847452202,1674992135848344835,892
b8a9b134914839afdcd6163226692ea8,b436f3f7b356994c,643d44b93e9b684f,ts-route-service-b6c59fb57-zv8dt,SELECT ts.route_stations,1674992135848547507,1674992135849462947,915
b8a9b134914839afdcd6163226692ea8,ed7524cfaca5555c,643d44b93e9b684f,ts-route-service-b6c59fb57-zv8dt,SELECT ts.route_distances,1674992135849592226,1674992135850324076,731
b8a9b134914839afdcd6163226692ea8,b67803c9468f465c,643d44b93e9b684f,ts-route-service-b6c59fb57-zv8dt,SELECT ts.route_stations,1674992135850437170,1674992135851260706,823
b8a9b134914839afdcd6163226692ea8,186023908ba67938,643d44b93e9b684f,ts-route-service-b6c59fb57-zv8dt,SELECT ts.route_distances,1674992135851364789,1674992135852147472,782
b8a9b134914839afdcd6163226692ea8,40bc6d1c130b0a93,643d44b93e9b684f,ts-route-service-b6c59fb57-zv8dt,SELECT ts.route_stations,1674992135852242677,1674992135852952236,709
b8a9b134914839afdcd6163226692ea8,0a16849f54cafb36,643d44b93e9b684f,ts-route-service-b6c59fb57-zv8dt,SELECT ts.route_distances,1674992135853039142,1674992135853799143,760
b8a9b134914839afdcd6163226692ea8,39f12a45089abf0d,674caeae3b9718f8,ts-price-service-76846864d9-g465z,/api/v1/priceservice/prices/byRouteIdsAndTrainTypes,1674992135879000000,1674992135885254514,6254
b8a9b134914839afdcd6163226692ea8,b941973d22f98610,39f12a45089abf0d,ts-price-service-76846864d9-g465z,PriceController.query,1674992135880134877,1674992135884702981,4568
b8a9b134914839afdcd6163226692ea8,1b9f2f254ee6a284,b941973d22f98610,ts-price-service-76846864d9-g465z,PriceConfigRepository.findByRouteIdsAndTrainTypes,1674992135881700567,1674992135884114284,2413
b8a9b134914839afdcd6163226692ea8,2fd3ce1ea28da2b4,1b9f2f254ee6a284,ts-price-service-76846864d9-g465z,SELECT price_config,1674992135882009042,1674992135884067481,2058
b8a9b134914839afdcd6163226692ea8,9336ce202de3171a,2fd3ce1ea28da2b4,ts-price-service-76846864d9-g465z,SELECT ts.price_config,1674992135883044717,1674992135883897318,852
b8a9b134914839afdcd6163226692ea8,a94ae80c5a083a12,a69d77fc620445f6,ts-seat-service-5c95b49cff-tdsdz,/api/v1/seatservice/seats/left_tickets,1674992135893000000,1674992135929267349,36267
b8a9b134914839afdcd6163226692ea8,dc5311c986e08aef,b252159b959e8f3e,ts-seat-service-5c95b49cff-tdsdz,/api/v1/seatservice/seats/left_tickets,1674992135933000000,1674992135959871792,26871
b8a9b134914839afdcd6163226692ea8,84544b9b87a05ca0,a94ae80c5a083a12,ts-seat-service-5c95b49cff-tdsdz,SeatController.getLeftTicketOfInterval,1674992135893572047,1674992135929053090,35481
b8a9b134914839afdcd6163226692ea8,2779184b2cb08a5e,dc5311c986e08aef,ts-seat-service-5c95b49cff-tdsdz,SeatController.getLeftTicketOfInterval,1674992135933427821,1674992135959668713,26240
b8a9b134914839afdcd6163226692ea8,745839b171327c5e,84544b9b87a05ca0,ts-seat-service-5c95b49cff-tdsdz,HTTP POST,1674992135895694525,1674992135920505287,24810
b8a9b134914839afdcd6163226692ea8,cdb145b576192d95,84544b9b87a05ca0,ts-seat-service-5c95b49cff-tdsdz,HTTP GET,1674992135921685135,1674992135927928213,6243
b8a9b134914839afdcd6163226692ea8,1fcad8eaa9508e7d,2779184b2cb08a5e,ts-seat-service-5c95b49cff-tdsdz,HTTP POST,1674992135935228370,1674992135939589853,4361
b8a9b134914839afdcd6163226692ea8,7349298325c97ab9,2779184b2cb08a5e,ts-seat-service-5c95b49cff-tdsdz,HTTP GET,1674992135940535058,1674992135958689832,18154
b8a9b134914839afdcd6163226692ea8,5d3a93612de50d40,745839b171327c5e,ts-order-other-service-6cdbf9b4cc-h7mqk,/api/v1/orderOtherService/orderOther/tickets,1674992135899000000,1674992135901052714,2052
b8a9b134914839afdcd6163226692ea8,bd794a258f2c5adc,1fcad8eaa9508e7d,ts-order-other-service-6cdbf9b4cc-h7mqk,/api/v1/orderOtherService/orderOther/tickets,1674992135937000000,1674992135938978331,1978
b8a9b134914839afdcd6163226692ea8,5dab5f410735d05e,5d3a93612de50d40,ts-order-other-service-6cdbf9b4cc-h7mqk,OrderOtherController.getTicketListByDateAndTripId,1674992135899350559,1674992135900942844,1592
b8a9b134914839afdcd6163226692ea8,c582cd287b9b7e8b,bd794a258f2c5adc,ts-order-other-service-6cdbf9b4cc-h7mqk,OrderOtherController.getTicketListByDateAndTripId,1674992135937195326,1674992135938887809,1692
b8a9b134914839afdcd6163226692ea8,cfeb713bf06a5c7b,5dab5f410735d05e,ts-order-other-service-6cdbf9b4cc-h7mqk,OrderOtherRepository.findByTravelDateAndTrainNumber,1674992135899768484,1674992135900579184,810
b8a9b134914839afdcd6163226692ea8,986596d1fbba4d82,c582cd287b9b7e8b,ts-order-other-service-6cdbf9b4cc-h7mqk,OrderOtherRepository.findByTravelDateAndTrainNumber,1674992135937481573,1674992135938566318,1084
b8a9b134914839afdcd6163226692ea8,9bf52efe793f4d35,cfeb713bf06a5c7b,ts-order-other-service-6cdbf9b4cc-h7mqk,SELECT Order,1674992135899818430,1674992135900572408,753
b8a9b134914839afdcd6163226692ea8,88ce348ba689243a,986596d1fbba4d82,ts-order-other-service-6cdbf9b4cc-h7mqk,SELECT Order,1674992135937511751,1674992135938561856,1050
b8a9b134914839afdcd6163226692ea8,70219a48837936c9,9bf52efe793f4d35,ts-order-other-service-6cdbf9b4cc-h7mqk,SELECT ts.orders_other,1674992135899907288,1674992135900560325,653
b8a9b134914839afdcd6163226692ea8,6bd420823de71719,88ce348ba689243a,ts-order-other-service-6cdbf9b4cc-h7mqk,SELECT ts.orders_other,1674992135938012748,1674992135938553379,540
b8a9b134914839afdcd6163226692ea8,df1990caee808bd2,cdb145b576192d95,ts-config-service-5fcd447d84-wxwjd,/api/v1/configservice/configs/{configName},1674992135925000000,1674992135927520611,2520
b8a9b134914839afdcd6163226692ea8,0d1dd60fc6a05cf2,7349298325c97ab9,ts-config-service-5fcd447d84-wxwjd,/api/v1/configservice/configs/{configName},1674992135942000000,1674992135943501569,1501
b8a9b134914839afdcd6163226692ea8,d7e41eb1cd6e22b6,df1990caee808bd2,ts-config-service-5fcd447d84-wxwjd,ConfigController.retrieve,1674992135925471242,1674992135927390360,1919
b8a9b134914839afdcd6163226692ea8,e89ee39290b5d11a,0d1dd60fc6a05cf2,ts-config-service-5fcd447d84-wxwjd,ConfigController.retrieve,1674992135942257217,1674992135943407938,1150
b8a9b134914839afdcd6163226692ea8,981b29d75eb1b86f,d7e41eb1cd6e22b6,ts-config-service-5fcd447d84-wxwjd,ConfigRepository.findByName,1674992135925938541,1674992135926882878,944
b8a9b134914839afdcd6163226692ea8,b85a62add3dbe740,e89ee39290b5d11a,ts-config-service-5fcd447d84-wxwjd,ConfigRepository.findByName,1674992135942493728,1674992135943056936,563
b8a9b134914839afdcd6163226692ea8,8a8caf10afc35c1d,981b29d75eb1b86f,ts-config-service-5fcd447d84-wxwjd,SELECT Config,1674992135926040660,1674992135926877806,837
b8a9b134914839afdcd6163226692ea8,fc714750c45fe569,b85a62add3dbe740,ts-config-service-5fcd447d84-wxwjd,SELECT Config,1674992135942577374,1674992135943054071,476
b8a9b134914839afdcd6163226692ea8,f3ac84beb58e7f27,8a8caf10afc35c1d,ts-config-service-5fcd447d84-wxwjd,SELECT ts.config,1674992135926482188,1674992135926831600,349
b8a9b134914839afdcd6163226692ea8,f5de0976d86a871e,fc714750c45fe569,ts-config-service-5fcd447d84-wxwjd,SELECT ts.config,1674992135942644694,1674992135943023275,378
e9b2b803353a66fe3e88a457ede8c3d9,99800ea4f9b3a15f,root,ts-gateway-service-6f6cfc45b-h5m2n,/*,1674992123286000000,1674992123425362076,139362
e9b2b803353a66fe3e88a457ede8c3d9,65f01301cd13a528,99800ea4f9b3a15f,ts-gateway-service-6f6cfc45b-h5m2n,FilteringWebHandler.handle,1674992123286778238,1674992123425140075,138361
e9b2b803353a66fe3e88a457ede8c3d9,c72e6a8cc0034106,99800ea4f9b3a15f,ts-gateway-service-6f6cfc45b-h5m2n,HTTP POST,1674992123287764408,1674992123425311762,137547
e9b2b803353a66fe3e88a457ede8c3d9,d6777ffcd494b671,c72e6a8cc0034106,ts-travel2-service-5c66d57d58-6mp2b,/api/v1/travel2service/trips/left,1674992123291000000,1674992123424519684,133519
e9b2b803353a66fe3e88a457ede8c3d9,759c28115d97c2f9,d6777ffcd494b671,ts-travel2-service-5c66d57d58-6mp2b,Travel2Controller.queryInfo,1674992123292919790,1674992123423988913,131069
e9b2b803353a66fe3e88a457ede8c3d9,dc94cb8eda5ffb7c,759c28115d97c2f9,ts-travel2-service-5c66d57d58-6mp2b,TripRepository.findAll,1674992123294185862,1674992123298820402,4634
e9b2b803353a66fe3e88a457ede8c3d9,d312461b9b377bbc,dc94cb8eda5ffb7c,ts-travel2-service-5c66d57d58-6mp2b,SELECT Trip,1674992123296483612,1674992123297710768,1227
e9b2b803353a66fe3e88a457ede8c3d9,54d495f598d3ef8b,dc94cb8eda5ffb7c,ts-travel2-service-5c66d57d58-6mp2b,Transaction.commit,1674992123297758986,1674992123298452799,693
e9b2b803353a66fe3e88a457ede8c3d9,f79288244511f235,d312461b9b377bbc,ts-travel2-service-5c66d57d58-6mp2b,SELECT ts.trip2,1674992123296800546,1674992123297525659,725
e9b2b803353a66fe3e88a457ede8c3d9,83cb918c8da49d40,759c28115d97c2f9,ts-travel2-service-5c66d57d58-6mp2b,HTTP POST,1674992123299639511,1674992123363647467,64007
e9b2b803353a66fe3e88a457ede8c3d9,a56a7fe995642621,759c28115d97c2f9,ts-travel2-service-5c66d57d58-6mp2b,HTTP POST,1674992123365442675,1674992123392520768,27078
e9b2b803353a66fe3e88a457ede8c3d9,027a0f2570568777,759c28115d97c2f9,ts-travel2-service-5c66d57d58-6mp2b,HTTP POST,1674992123393518429,1674992123422542416,29023
e9b2b803353a66fe3e88a457ede8c3d9,7c48a057c9a7fcf8,83cb918c8da49d40,ts-basic-service-5dc8d4f9fd-46997,/api/v1/basicservice/basic/travels,1674992123303000000,1674992123362970645,59970
e9b2b803353a66fe3e88a457ede8c3d9,a7f9a9d8567de3e6,7c48a057c9a7fcf8,ts-basic-service-5dc8d4f9fd-46997,BasicController.queryForTravels,1674992123303572409,1674992123362823119,59250
e9b2b803353a66fe3e88a457ede8c3d9,a18c6bca7ffe1837,a7f9a9d8567de3e6,ts-basic-service-5dc8d4f9fd-46997,HTTP POST,1674992123304955287,1674992123311162882,6207
e9b2b803353a66fe3e88a457ede8c3d9,bfe6a3780281e280,a7f9a9d8567de3e6,ts-basic-service-5dc8d4f9fd-46997,HTTP POST,1674992123311666699,1674992123320247370,8580
e9b2b803353a66fe3e88a457ede8c3d9,e6482a269364f287,a7f9a9d8567de3e6,ts-basic-service-5dc8d4f9fd-46997,HTTP POST,1674992123321145855,1674992123343967706,22821
e9b2b803353a66fe3e88a457ede8c3d9,8930c28057e10e9a,a7f9a9d8567de3e6,ts-basic-service-5dc8d4f9fd-46997,HTTP POST,1674992123345393758,1674992123353862578,8468
e9b2b803353a66fe3e88a457ede8c3d9,a96db0cea11e4e9c,a18c6bca7ffe1837,ts-station-service-7f4f5f6f77-5qb6j,/api/v1/stationservice/stations/idlist,1674992123307000000,1674992123310379698,3379
e9b2b803353a66fe3e88a457ede8c3d9,c611b9158e987388,a96db0cea11e4e9c,ts-station-service-7f4f5f6f77-5qb6j,StationController.queryForIdBatch,1674992123307537399,1674992123310187296,2649
e9b2b803353a66fe3e88a457ede8c3d9,2265db2803e7f066,c611b9158e987388,ts-station-service-7f4f5f6f77-5qb6j,StationRepository.findByNames,1674992123308277296,1674992123309907906,1630
e9b2b803353a66fe3e88a457ede8c3d9,7c78bbd57039cc95,2265db2803e7f066,ts-station-service-7f4f5f6f77-5qb6j,SELECT station,1674992123308420257,1674992123309895463,1475
e9b2b803353a66fe3e88a457ede8c3d9,2f21a54848afca26,7c78bbd57039cc95,ts-station-service-7f4f5f6f77-5qb6j,SELECT ts.station,1674992123309207422,1674992123309818245,610
e9b2b803353a66fe3e88a457ede8c3d9,841102ba526214b7,bfe6a3780281e280,ts-train-service-86f5f97bc9-dkqmf,/api/v1/trainservice/trains/byNames,1674992123314000000,1674992123319139177,5139
e9b2b803353a66fe3e88a457ede8c3d9,4d0bacf71b1a0886,841102ba526214b7,ts-train-service-86f5f97bc9-dkqmf,TrainController.retrieveByName,1674992123315020420,1674992123318751402,3730
e9b2b803353a66fe3e88a457ede8c3d9,667c67e3e85b7bf8,4d0bacf71b1a0886,ts-train-service-86f5f97bc9-dkqmf,TrainTypeRepository.findByNames,1674992123316047919,1674992123318200943,2153
e9b2b803353a66fe3e88a457ede8c3d9,1c870714418056a9,667c67e3e85b7bf8,ts-train-service-86f5f97bc9-dkqmf,SELECT train_type,1674992123316226458,1674992123318178091,1951
e9b2b803353a66fe3e88a457ede8c3d9,910390272f3f2fdc,1c870714418056a9,ts-train-service-86f5f97bc9-dkqmf,SELECT ts.train_type,1674992123317283004,1674992123318063170,780
e9b2b803353a66fe3e88a457ede8c3d9,1764890c9d6c1d20,e6482a269364f287,ts-route-service-b6c59fb57-zv8dt,/api/v1/routeservice/routes/byIds/,1674992123324000000,1674992123343526087,19526
e9b2b803353a66fe3e88a457ede8c3d9,a7271c1d3fdf4a53,1764890c9d6c1d20,ts-route-service-b6c59fb57-zv8dt,RouteController.queryByIds,1674992123325439876,1674992123342893593,17453
e9b2b803353a66fe3e88a457ede8c3d9,c85680e507d3e18c,a7271c1d3fdf4a53,ts-route-service-b6c59fb57-zv8dt,RouteRepository.findByIds,1674992123326954851,1674992123330056395,3101
e9b2b803353a66fe3e88a457ede8c3d9,c2f2888ed00f056b,c85680e507d3e18c,ts-route-service-b6c59fb57-zv8dt,SELECT route,1674992123327325402,1674992123330027879,2702
e9b2b803353a66fe3e88a457ede8c3d9,6ca19ab9857c0221,c2f2888ed00f056b,ts-route-service-b6c59fb57-zv8dt,SELECT ts.route,1674992123328798138,1674992123329700458,902
e9b2b803353a66fe3e88a457ede8c3d9,f297b145cf9770d9,a7271c1d3fdf4a53,ts-route-service-b6c59fb57-zv8dt,SELECT ts.route_stations,1674992123330485162,1674992123331608823,1123
e9b2b803353a66fe3e88a457ede8c3d9,160008da0eeedfd3,a7271c1d3fdf4a53,ts-route-service-b6c59fb57-zv8dt,SELECT ts.route_distances,1674992123331954687,1674992123332881492,926
e9b2b803353a66fe3e88a457ede8c3d9,4af2cb7c1146bf84,a7271c1d3fdf4a53,ts-route-service-b6c59fb57-zv8dt,SELECT ts.route_stations,1674992123333043536,1674992123333899106,855
e9b2b803353a66fe3e88a457ede8c3d9,607d94e148cf7e25,a7271c1d3fdf4a53,ts-route-service-b6c59fb57-zv8dt,SELECT ts.route_distances,1674992123334006555,1674992123336883693,2877
e9b2b803353a66fe3e88a457ede8c3d9,aaa8960643fb868b,a7271c1d3fdf4a53,ts-route-service-b6c59fb57-zv8dt,SELECT ts.route_stations,1674992123336995589,1674992123337756060,760
e9b2b803353a66fe3e88a457ede8c3d9,a324df95c70f1765,a7271c1d3fdf4a53,ts-route-service-b6c59fb57-zv8dt,SELECT ts.route_distances,1674992123337854190,1674992123338578686,724
e9b2b803353a66fe3e88a457ede8c3d9,c4f4c75fb95c73bb,a7271c1d3fdf4a53,ts-route-service-b6c59fb57-zv8dt,SELECT ts.route_stations,1674992123338679423,1674992123339577483,898
e9b2b803353a66fe3e88a457ede8c3d9,1d7976f999e44a88,a7271c1d3fdf4a53,ts-route-service-b6c59fb57-zv8dt,SELECT ts.route_distances,1674992123339698821,1674992123340480094,781
e9b2b803353a66fe3e88a457ede8c3d9,c982c6985b8b04da,a7271c1d3fdf4a53,ts-route-service-b6c59fb57-zv8dt,SELECT ts.route_stations,1674992123340592940,1674992123341421859,828
e9b2b803353a66fe3e88a457ede8c3d9,279a912e678b20de,a7271c1d3fdf4a53,ts-route-service-b6c59fb57-zv8dt,SELECT ts.route_distances,1674992123341599958,1674992123342510105,910
e9b2b803353a66fe3e88a457ede8c3d9,917d5b50b69a246e,8930c28057e10e9a,ts-price-service-76846864d9-g465z,/api/v1/priceservice/prices/byRouteIdsAndTrainTypes,1674992123348000000,1674992123353304422,5304
e9b2b803353a66fe3e88a457ede8c3d9,096bfd0b4027a55b,917d5b50b69a246e,ts-price-service-76846864d9-g465z,PriceController.query,1674992123348943254,1674992123352885679,3942
e9b2b803353a66fe3e88a457ede8c3d9,7931f1cccb90f086,096bfd0b4027a55b,ts-price-service-76846864d9-g465z,PriceConfigRepository.findByRouteIdsAndTrainTypes,1674992123350126146,1674992123352341953,2215
e9b2b803353a66fe3e88a457ede8c3d9,129a086e54c904b0,7931f1cccb90f086,ts-price-service-76846864d9-g465z,SELECT price_config,1674992123350311093,1674992123352321459,2010
e9b2b803353a66fe3e88a457ede8c3d9,78e3523816af1251,129a086e54c904b0,ts-price-service-76846864d9-g465z,SELECT ts.price_config,1674992123351327790,1674992123352160443,832
e9b2b803353a66fe3e88a457ede8c3d9,191725094e25a1c5,a56a7fe995642621,ts-seat-service-5c95b49cff-tdsdz,/api/v1/seatservice/seats/left_tickets,1674992123369000000,1674992123390731598,21731
e9b2b803353a66fe3e88a457ede8c3d9,93873f14c07adc14,027a0f2570568777,ts-seat-service-5c95b49cff-tdsdz,/api/v1/seatservice/seats/left_tickets,1674992123409000000,1674992123421346290,12346
e9b2b803353a66fe3e88a457ede8c3d9,363b2a5936fc8318,191725094e25a1c5,ts-seat-service-5c95b49cff-tdsdz,SeatController.getLeftTicketOfInterval,1674992123369757316,1674992123390429969,20672
e9b2b803353a66fe3e88a457ede8c3d9,65a14b8833674e0a,93873f14c07adc14,ts-seat-service-5c95b49cff-tdsdz,SeatController.getLeftTicketOfInterval,1674992123409524867,1674992123421175184,11650
e9b2b803353a66fe3e88a457ede8c3d9,d2d17535974c3ee2,363b2a5936fc8318,ts-seat-service-5c95b49cff-tdsdz,HTTP POST,1674992123372309530,1674992123381343826,9034
e9b2b803353a66fe3e88a457ede8c3d9,386050b2f17d12c9,363b2a5936fc8318,ts-seat-service-5c95b49cff-tdsdz,HTTP GET,1674992123382581493,1674992123389125351,6543
e9b2b803353a66fe3e88a457ede8c3d9,d2e6d5df3df9a0bb,65a14b8833674e0a,ts-seat-service-5c95b49cff-tdsdz,HTTP POST,1674992123411300995,1674992123415871432,4570
e9b2b803353a66fe3e88a457ede8c3d9,ceb7a53e00c8ea57,65a14b8833674e0a,ts-seat-service-5c95b49cff-tdsdz,HTTP GET,1674992123416747407,1674992123420242881,3495
e9b2b803353a66fe3e88a457ede8c3d9,44058f0c059cd937,d2d17535974c3ee2,ts-order-other-service-6cdbf9b4cc-h7mqk,/api/v1/orderOtherService/orderOther/tickets,1674992123377000000,1674992123380050258,3050
e9b2b803353a66fe3e88a457ede8c3d9,6d6719382dc0d7db,d2e6d5df3df9a0bb,ts-order-other-service-6cdbf9b4cc-h7mqk,/api/v1/orderOtherService/orderOther/tickets,1674992123412000000,1674992123414437859,2437
e9b2b803353a66fe3e88a457ede8c3d9,1e3adffa14ee3178,44058f0c059cd937,ts-order-other-service-6cdbf9b4cc-h7mqk,OrderOtherController.getTicketListByDateAndTripId,1674992123377595576,1674992123379904651,2309
e9b2b803353a66fe3e88a457ede8c3d9,47f16e7b37c471f2,6d6719382dc0d7db,ts-order-other-service-6cdbf9b4cc-h7mqk,OrderOtherController.getTicketListByDateAndTripId,1674992123412329129,1674992123414234921,1905
e9b2b803353a66fe3e88a457ede8c3d9,8ded19bd6b9130c3,1e3adffa14ee3178,ts-order-other-service-6cdbf9b4cc-h7mqk,OrderOtherRepository.findByTravelDateAndTrainNumber,1674992123378145169,1674992123379457214,1312
e9b2b803353a66fe3e88a457ede8c3d9,4efb781b0935d4b2,47f16e7b37c471f2,ts-order-other-service-6cdbf9b4cc-h7mqk,OrderOtherRepository.findByTravelDateAndTrainNumber,1674992123412662717,1674992123413546521,883
e9b2b803353a66fe3e88a457ede8c3d9,f076aad5c352cb8a,8ded19bd6b9130c3,ts-order-other-service-6cdbf9b4cc-h7mqk,SELECT Order,1674992123378209131,1674992123379447331,1238
e9b2b803353a66fe3e88a457ede8c3d9,67643d84c8ee9963,4efb781b0935d4b2,ts-order-other-service-6cdbf9b4cc-h7mqk,SELECT Order,1674992123412717099,1674992123413527052,809
e9b2b803353a66fe3e88a457ede8c3d9,de22fd43b20665f5,f076aad5c352cb8a,ts-order-other-service-6cdbf9b4cc-h7mqk,SELECT ts.orders_other,1674992123378794528,1674992123379428096,633
e9b2b803353a66fe3e88a457ede8c3d9,4cd17d3d790dd023,67643d84c8ee9963,ts-order-other-service-6cdbf9b4cc-h7mqk,SELECT ts.orders_other,1674992123412802258,1674992123413499174,696
e9b2b803353a66fe3e88a457ede8c3d9,21b992d07a411c9d,386050b2f17d12c9,ts-config-service-5fcd447d84-wxwjd,/api/v1/configservice/configs/{configName},1674992123386000000,1674992123388769572,2769
e9b2b803353a66fe3e88a457ede8c3d9,9e79cec3f36a5fbd,ceb7a53e00c8ea57,ts-config-service-5fcd447d84-wxwjd,/api/v1/configservice/configs/{configName},1674992123418000000,1674992123419344519,1344
e9b2b803353a66fe3e88a457ede8c3d9,e17b0e132b3fe926,21b992d07a411c9d,ts-config-service-5fcd447d84-wxwjd,ConfigController.retrieve,1674992123386537792,1674992123388641716,2103
e9b2b803353a66fe3e88a457ede8c3d9,e9678cc3ad068fee,9e79cec3f36a5fbd,ts-config-service-5fcd447d84-wxwjd,ConfigController.retrieve,1674992123418231039,1674992123419261663,1030
e9b2b803353a66fe3e88a457ede8c3d9,652dc7e58cb2fb10,e17b0e132b3fe926,ts-config-service-5fcd447d84-wxwjd,ConfigRepository.findByName,1674992123387102751,1674992123388137005,1034
e9b2b803353a66fe3e88a457ede8c3d9,be048d2e04e08e73,e9678cc3ad068fee,ts-config-service-5fcd447d84-wxwjd,ConfigRepository.findByName,1674992123418444998,1674992123418963840,518
e9b2b803353a66fe3e88a457ede8c3d9,8044f5ae323273ca,652dc7e58cb2fb10,ts-config-service-5fcd447d84-wxwjd,SELECT Config,1674992123387208411,1674992123388133654,925
e9b2b803353a66fe3e88a457ede8c3d9,b77263c64453f6d7,be048d2e04e08e73,ts-config-service-5fcd447d84-wxwjd,SELECT Config,1674992123418484885,1674992123418961813,476
e9b2b803353a66fe3e88a457ede8c3d9,dcbe6952389eaa63,8044f5ae323273ca,ts-config-service-5fcd447d84-wxwjd,SELECT ts.config,1674992123387707889,1674992123388079861,371
e9b2b803353a66fe3e88a457ede8c3d9,a17e88766dfad072,b77263c64453f6d7,ts-config-service-5fcd447d84-wxwjd,SELECT ts.config,1674992123418518626,1674992123418938390,419
1f72e13465fca5485b80a5652cf4b3a0,40afe0611b31c721,root,ts-gateway-service-6f6cfc45b-h5m2n,/*,1674992111084000000,1674992111239677772,155677
1f72e13465fca5485b80a5652cf4b3a0,d4a92ec38d0fe448,40afe0611b31c721,ts-gateway-service-6f6cfc45b-h5m2n,FilteringWebHandler.handle,1674992111084415272,1674992111239487170,155071
1f72e13465fca5485b80a5652cf4b3a0,2c7892a53e0d6faf,40afe0611b31c721,ts-gateway-service-6f6cfc45b-h5m2n,HTTP POST,1674992111085310159,1674992111239641741,154331
1f72e13465fca5485b80a5652cf4b3a0,05f7fcf0cab60841,2c7892a53e0d6faf,ts-auth-service-7f8d7d756d-k7b9j,/api/v1/users/login,1674992111088000000,1674992111237700482,149700
1f72e13465fca5485b80a5652cf4b3a0,f084eb18536f9f15,05f7fcf0cab60841,ts-auth-service-7f8d7d756d-k7b9j,UserController.getToken,1674992111090172511,1674992111237085700,146913
1f72e13465fca5485b80a5652cf4b3a0,2fa2e77262e820d9,f084eb18536f9f15,ts-auth-service-7f8d7d756d-k7b9j,HTTP GET,1674992111091741226,1674992111097291012,5549
1f72e13465fca5485b80a5652cf4b3a0,cbae018303b4b96a,2fa2e77262e820d9,ts-verification-code-service-7b6dc75c45-2z9p2,/api/v1/verifycode/verify/{verifyCode},1674992111095000000,1674992111097660741,2660
1f72e13465fca5485b80a5652cf4b3a0,0a5f39a59ba10896,cbae018303b4b96a,ts-verification-code-service-7b6dc75c45-2z9p2,VerifyCodeController.verifyCode,1674992111095918848,1674992111097330500,1411
1f72e13465fca5485b80a5652cf4b3a0,c0e98ea8785b5972,f084eb18536f9f15,ts-auth-service-7f8d7d756d-k7b9j,UserRepository.findByUsername,1674992111097897071,1674992111099647496,1750
1f72e13465fca5485b80a5652cf4b3a0,efe37d7866458e74,f084eb18536f9f15,ts-auth-service-7f8d7d756d-k7b9j,UserRepository.findByUsername,1674992111235197426,1674992111235896848,699
1f72e13465fca5485b80a5652cf4b3a0,0c8a73023cf80c5c,c0e98ea8785b5972,ts-auth-service-7f8d7d756d-k7b9j,SELECT User,1674992111098102135,1674992111099627408,1525
1f72e13465fca5485b80a5652cf4b3a0,24497d9839514a8a,efe37d7866458e74,ts-auth-service-7f8d7d756d-k7b9j,SELECT User,1674992111235328790,1674992111235876037,547
1f72e13465fca5485b80a5652cf4b3a0,6212440b25b32d24,0c8a73023cf80c5c,ts-auth-service-7f8d7d756d-k7b9j,SELECT ts.auth_user,1674992111098810571,1674992111099348365,537
1f72e13465fca5485b80a5652cf4b3a0,725b2a8a3dcb25b4,f084eb18536f9f15,ts-auth-service-7f8d7d756d-k7b9j,SELECT ts.user_roles,1674992111234161113,1674992111234971598,810
1f72e13465fca5485b80a5652cf4b3a0,65750209e822ed75,24497d9839514a8a,ts-auth-service-7f8d7d756d-k7b9j,SELECT ts.auth_user,1674992111235411345,1674992111235824987,413
34cef0869cabb5784aa4841247987deb,f561bd81c42ec5e0,root,ts-gateway-service-6f6cfc45b-h5m2n,/*,1674992159443000000,1674992159471967624,28967
34cef0869cabb5784aa4841247987deb,2e03ebb80120f25b,f561bd81c42ec5e0,ts-gateway-service-6f6cfc45b-h5m2n,FilteringWebHandler.handle,1674992159443648355,1674992159471789462,28141
34cef0869cabb5784aa4841247987deb,96769e66fbe88d90,f561bd81c42ec5e0,ts-gateway-service-6f6cfc45b-h5m2n,HTTP GET,1674992159444615538,1674992159471929479,27313
34cef0869cabb5784aa4841247987deb,1aace194e5b1161a,96769e66fbe88d90,ts-execute-service-775f544d9-zqvjb,/api/v1/executeservice/execute/collected/{orderId},1674992159447000000,1674992159470770431,23770
34cef0869cabb5784aa4841247987deb,9630cd8352ae8769,1aace194e5b1161a,ts-execute-service-775f544d9-zqvjb,ExecuteControlller.collectTicket,1674992159449347531,1674992159470264062,20916
34cef0869cabb5784aa4841247987deb,e2367a81dc8c0ea1,9630cd8352ae8769,ts-execute-service-775f544d9-zqvjb,HTTP GET,1674992159451341585,1674992159460177112,8835
34cef0869cabb5784aa4841247987deb,d2b97e7aaaee9052,9630cd8352ae8769,ts-execute-service-775f544d9-zqvjb,HTTP GET,1674992159461055161,1674992159469484284,8429
34cef0869cabb5784aa4841247987deb,130c669b24cf4f2e,e2367a81dc8c0ea1,ts-order-service-5b67c48447-mv5hb,/api/v1/orderservice/order/{orderId},1674992159454000000,1674992159458952675,4952
34cef0869cabb5784aa4841247987deb,41312f74a48a9ecb,d2b97e7aaaee9052,ts-order-service-5b67c48447-mv5hb,/api/v1/orderservice/order/status/{orderId}/{status},1674992159462000000,1674992159469220238,7220
34cef0869cabb5784aa4841247987deb,ce2d199af61356ff,130c669b24cf4f2e,ts-order-service-5b67c48447-mv5hb,OrderController.getOrderById,1674992159454439084,1674992159458818646,4379
34cef0869cabb5784aa4841247987deb,482f99ae81c4d9b4,41312f74a48a9ecb,ts-order-service-5b67c48447-mv5hb,OrderController.modifyOrder,1674992159462228220,1674992159469109932,6881
34cef0869cabb5784aa4841247987deb,6fa45eaadca06150,ce2d199af61356ff,ts-order-service-5b67c48447-mv5hb,OrderRepository.findById,1674992159454870346,1674992159458337445,3467
34cef0869cabb5784aa4841247987deb,0f25a17c0ef3c935,482f99ae81c4d9b4,ts-order-service-5b67c48447-mv5hb,OrderRepository.findById,1674992159462510050,1674992159465227248,2717
34cef0869cabb5784aa4841247987deb,798e3bf52ed011e3,482f99ae81c4d9b4,ts-order-service-5b67c48447-mv5hb,OrderRepository.save,1674992159465233902,1674992159468740124,3506
34cef0869cabb5784aa4841247987deb,80403a484b1a94cd,6fa45eaadca06150,ts-order-service-5b67c48447-mv5hb,Session.find order.entity.Order,1674992159456295795,1674992159457287448,991
34cef0869cabb5784aa4841247987deb,3888b1e7130fecf2,6fa45eaadca06150,ts-order-service-5b67c48447-mv5hb,Transaction.commit,1674992159457301900,1674992159457991571,689
34cef0869cabb5784aa4841247987deb,02ba1217c515239d,0f25a17c0ef3c935,ts-order-service-5b67c48447-mv5hb,Session.find order.entity.Order,1674992159463638096,1674992159464281343,643
34cef0869cabb5784aa4841247987deb,e892894122547c7b,0f25a17c0ef3c935,ts-order-service-5b67c48447-mv5hb,Transaction.commit,1674992159464291106,1674992159464916403,625
34cef0869cabb5784aa4841247987deb,faefdf9edba670dd,798e3bf52ed011e3,ts-order-service-5b67c48447-mv5hb,Session.merge order.entity.Order,1674992159465585897,1674992159465613592,27
34cef0869cabb5784aa4841247987deb,0b15df08b309afe5,798e3bf52ed011e3,ts-order-service-5b67c48447-mv5hb,Transaction.commit,1674992159465616847,1674992159468731630,3114
34cef0869cabb5784aa4841247987deb,170656b4e7d6ebdf,80403a484b1a94cd,ts-order-service-5b67c48447-mv5hb,SELECT ts.orders,1674992159456439751,1674992159457074583,634
34cef0869cabb5784aa4841247987deb,3ea7315708612361,02ba1217c515239d,ts-order-service-5b67c48447-mv5hb,SELECT ts.orders,1674992159463700637,1674992159464206692,506
34cef0869cabb5784aa4841247987deb,2eee17f1c8d5dac6,0b15df08b309afe5,ts-order-service-5b67c48447-mv5hb,UPDATE ts.orders,1674992159465772319,1674992159468043505,2271
71e847bd56ff43ef6e736395d04497ed,0e9c691227c137b4,root,ts-gateway-service-6f6cfc45b-h5m2n,/*,1674992146044000000,1674992146401844120,357844
71e847bd56ff43ef6e736395d04497ed,fb6ee0c196acd531,0e9c691227c137b4,ts-gateway-service-6f6cfc45b-h5m2n,FilteringWebHandler.handle,1674992146044544888,1674992146401632786,357087
71e847bd56ff43ef6e736395d04497ed,71414360be419a4f,0e9c691227c137b4,ts-gateway-service-6f6cfc45b-h5m2n,HTTP POST,1674992146045360926,1674992146401796213,356435
71e847bd56ff43ef6e736395d04497ed,5d66353c47ad3066,71414360be419a4f,ts-preserve-other-service-66646bdb5b-fw7x9,/api/v1/preserveotherservice/preserveOther,1674992146048000000,1674992146400510534,352510
71e847bd56ff43ef6e736395d04497ed,33efbf1f53d212c8,5d66353c47ad3066,ts-preserve-other-service-66646bdb5b-fw7x9,PreserveOtherController.preserve,1674992146051124634,1674992146399814931,348690
71e847bd56ff43ef6e736395d04497ed,6f049da5b3bcb0fd,33efbf1f53d212c8,ts-preserve-other-service-66646bdb5b-fw7x9,HTTP GET,1674992146053647769,1674992146101312969,47665
71e847bd56ff43ef6e736395d04497ed,0e88268a61a1dca0,33efbf1f53d212c8,ts-preserve-other-service-66646bdb5b-fw7x9,HTTP GET,1674992146102511242,1674992146116184754,13673
71e847bd56ff43ef6e736395d04497ed,45cdd9fa1615942d,33efbf1f53d212c8,ts-preserve-other-service-66646bdb5b-fw7x9,HTTP POST,1674992146117651138,1674992146263940744,146289
71e847bd56ff43ef6e736395d04497ed,d147873dc851e0df,33efbf1f53d212c8,ts-preserve-other-service-66646bdb5b-fw7x9,HTTP POST,1674992146265275797,1674992146301160111,35884
71e847bd56ff43ef6e736395d04497ed,8a76048629dd45cb,33efbf1f53d212c8,ts-preserve-other-service-66646bdb5b-fw7x9,HTTP POST,1674992146302179467,1674992146358472292,56292
71e847bd56ff43ef6e736395d04497ed,b65fc681a198d00c,33efbf1f53d212c8,ts-preserve-other-service-66646bdb5b-fw7x9,HTTP POST,1674992146359944686,1674992146385078403,25133
71e847bd56ff43ef6e736395d04497ed,fd051c9f002267be,33efbf1f53d212c8,ts-preserve-other-service-66646bdb5b-fw7x9,HTTP GET,1674992146386866111,1674992146397796899,10930
71e847bd56ff43ef6e736395d04497ed,01dc260bda5aa36d,6f049da5b3bcb0fd,ts-security-service-cb9788d56-mrzv2,/api/v1/securityservice/securityConfigs/{accountId},1674992146058000000,1674992146101942772,43942
71e847bd56ff43ef6e736395d04497ed,539ae76d280fe723,01dc260bda5aa36d,ts-security-service-cb9788d56-mrzv2,SecurityController.check,1674992146059653797,1674992146101450249,41796
71e847bd56ff43ef6e736395d04497ed,cc35c8a749db19bb,539ae76d280fe723,ts-security-service-cb9788d56-mrzv2,HTTP GET,1674992146060700118,1674992146084002284,23302
71e847bd56ff43ef6e736395d04497ed,b96e3471a12b10ef,539ae76d280fe723,ts-security-service-cb9788d56-mrzv2,HTTP GET,1674992146084650240,1674992146098036430,13386
71e847bd56ff43ef6e736395d04497ed,520ecff04395f8da,cc35c8a749db19bb,ts-order-service-5b67c48447-mv5hb,/api/v1/orderservice/order/security/{checkDate}/{accountId},1674992146063000000,1674992146083045462,20045
71e847bd56ff43ef6e736395d04497ed,2ab5692ffb7ff0b4,520ecff04395f8da,ts-order-service-5b67c48447-mv5hb,OrderController.securityInfoCheck,1674992146063473642,1674992146082775143,19301
71e847bd56ff43ef6e736395d04497ed,ffa12cc80be449df,2ab5692ffb7ff0b4,ts-order-service-5b67c48447-mv5hb,OrderRepository.findByAccountId,1674992146063990234,1674992146080853392,16863
71e847bd56ff43ef6e736395d04497ed,975b22f1130634c6,ffa12cc80be449df,ts-order-service-5b67c48447-mv5hb,SELECT Order,1674992146064057153,1674992146080837568,16780
71e847bd56ff43ef6e736395d04497ed,77da16699c0c8692,975b22f1130634c6,ts-order-service-5b67c48447-mv5hb,SELECT ts.orders,1674992146064128173,1674992146075027547,10899
71e847bd56ff43ef6e736395d04497ed,322a183cf19f0dea,b96e3471a12b10ef,ts-order-other-service-6cdbf9b4cc-h7mqk,/api/v1/orderOtherService/orderOther/security/{checkDate}/{accountId},1674992146087000000,1674992146097834645,10834
71e847bd56ff43ef6e736395d04497ed,f6f9a8e8ad263ec8,a2dc294c07ff21b1,ts-order-other-service-6cdbf9b4cc-h7mqk,/api/v1/orderOtherService/orderOther/tickets,1674992146170000000,1674992146180150359,10150
71e847bd56ff43ef6e736395d04497ed,adb285c2403c2c28,56e4147be8b99c0b,ts-order-other-service-6cdbf9b4cc-h7mqk,/api/v1/orderOtherService/orderOther/tickets,1674992146239000000,1674992146248521182,9521
71e847bd56ff43ef6e736395d04497ed,56a16dde01cb8a9f,2a0efe98882ba468,ts-order-other-service-6cdbf9b4cc-h7mqk,/api/v1/orderOtherService/orderOther/tickets,1674992146310000000,1674992146320023250,10023
71e847bd56ff43ef6e736395d04497ed,9f0d29abba8bdd62,b65fc681a198d00c,ts-order-other-service-6cdbf9b4cc-h7mqk,/api/v1/orderOtherService/orderOther,1674992146363000000,1674992146385609920,22609
71e847bd56ff43ef6e736395d04497ed,ebbce9c1f9d5b752,322a183cf19f0dea,ts-order-other-service-6cdbf9b4cc-h7mqk,OrderOtherController.securityInfoCheck,1674992146087540308,1674992146097615274,10074
71e847bd56ff43ef6e736395d04497ed,dc6818d16a509976,f6f9a8e8ad263ec8,ts-order-other-service-6cdbf9b4cc-h7mqk,OrderOtherController.getTicketListByDateAndTripId,1674992146170383651,1674992146179944818,9561
71e847bd56ff43ef6e736395d04497ed,1a50a1229f036b1f,adb285c2403c2c28,ts-order-other-service-6cdbf9b4cc-h7mqk,OrderOtherController.getTicketListByDateAndTripId,1674992146239254547,1674992146248347180,9092
71e847bd56ff43ef6e736395d04497ed,c14f9e3688fc03a4,56a16dde01cb8a9f,ts-order-other-service-6cdbf9b4cc-h7mqk,OrderOtherController.getTicketListByDateAndTripId,1674992146310330668,1674992146319821704,9491
71e847bd56ff43ef6e736395d04497ed,6018aa3573efe61c,9f0d29abba8bdd62,ts-order-other-service-6cdbf9b4cc-h7mqk,OrderOtherController.createNewOrder,1674992146369902594,1674992146385262916,15360
71e847bd56ff43ef6e736395d04497ed,ac4f5052427b97cb,ebbce9c1f9d5b752,ts-order-other-service-6cdbf9b4cc-h7mqk,OrderOtherRepository.findByAccountId,1674992146088046417,1674992146096410103,8363
71e847bd56ff43ef6e736395d04497ed,79d6e081106cd61c,dc6818d16a509976,ts-order-other-service-6cdbf9b4cc-h7mqk,OrderOtherRepository.findByTravelDateAndTrainNumber,1674992146170874348,1674992146178838457,7964
71e847bd56ff43ef6e736395d04497ed,3647a2783546ba3b,1a50a1229f036b1f,ts-order-other-service-6cdbf9b4cc-h7mqk,OrderOtherRepository.findByTravelDateAndTrainNumber,1674992146239590773,1674992146247441235,7850
71e847bd56ff43ef6e736395d04497ed,7f8078004acb56a6,c14f9e3688fc03a4,ts-order-other-service-6cdbf9b4cc-h7mqk,OrderOtherRepository.findByTravelDateAndTrainNumber,1674992146310749981,1674992146318831116,8081
71e847bd56ff43ef6e736395d04497ed,121473823ef4f764,6018aa3573efe61c,ts-order-other-service-6cdbf9b4cc-h7mqk,OrderOtherRepository.findByAccountId,1674992146370637118,1674992146378943560,8306
71e847bd56ff43ef6e736395d04497ed,eeaa92a21e768c5f,6018aa3573efe61c,ts-order-other-service-6cdbf9b4cc-h7mqk,OrderOtherRepository.save,1674992146379036014,1674992146384805963,5769
71e847bd56ff43ef6e736395d04497ed,b7a95bca261766c4,ac4f5052427b97cb,ts-order-other-service-6cdbf9b4cc-h7mqk,SELECT Order,1674992146088105651,1674992146096398115,8292
71e847bd56ff43ef6e736395d04497ed,97574ea6623e0c88,79d6e081106cd61c,ts-order-other-service-6cdbf9b4cc-h7mqk,SELECT Order,1674992146170930099,1674992146178829146,7899
71e847bd56ff43ef6e736395d04497ed,7f8bff5f42dd5406,3647a2783546ba3b,ts-order-other-service-6cdbf9b4cc-h7mqk,SELECT Order,1674992146239632898,1674992146247434112,7801
71e847bd56ff43ef6e736395d04497ed,044282d60df2936a,7f8078004acb56a6,ts-order-other-service-6cdbf9b4cc-h7mqk,SELECT Order,1674992146310807256,1674992146318820775,8013
71e847bd56ff43ef6e736395d04497ed,a7bfd9e3acac23c5,121473823ef4f764,ts-order-other-service-6cdbf9b4cc-h7mqk,SELECT Order,1674992146370683810,1674992146378933806,8249
71e847bd56ff43ef6e736395d04497ed,9096020ce18d487e,eeaa92a21e768c5f,ts-order-other-service-6cdbf9b4cc-h7mqk,Session.merge other.entity.Order,1674992146379620621,1674992146380625070,1004
71e847bd56ff43ef6e736395d04497ed,368141f440faef66,eeaa92a21e768c5f,ts-order-other-service-6cdbf9b4cc-h7mqk,Transaction.commit,1674992146380638019,1674992146384788892,4150
71e847bd56ff43ef6e736395d04497ed,27177d2bc5d2edb8,b7a95bca261766c4,ts-order-other-service-6cdbf9b4cc-h7mqk,SELECT ts.orders_other,1674992146088204749,1674992146092853730,4648
71e847bd56ff43ef6e736395d04497ed,9c9b825993ab32f4,97574ea6623e0c88,ts-order-other-service-6cdbf9b4cc-h7mqk,SELECT ts.orders_other,1674992146171020547,1674992146175591988,4571
71e847bd56ff43ef6e736395d04497ed,1a20b0b218432ade,7f8bff5f42dd5406,ts-order-other-service-6cdbf9b4cc-h7mqk,SELECT ts.orders_other,1674992146239710092,1674992146244175634,4465
71e847bd56ff43ef6e736395d04497ed,73ab48aedea4c340,044282d60df2936a,ts-order-other-service-6cdbf9b4cc-h7mqk,SELECT ts.orders_other,1674992146310895858,1674992146315470276,4574
71e847bd56ff43ef6e736395d04497ed,3a860f1f8ee8f793,a7bfd9e3acac23c5,ts-order-other-service-6cdbf9b4cc-h7mqk,SELECT ts.orders_other,1674992146370770565,1674992146375334310,4563
71e847bd56ff43ef6e736395d04497ed,8252e7cc782e5027,9096020ce18d487e,ts-order-other-service-6cdbf9b4cc-h7mqk,SELECT ts.orders_other,1674992146379904138,1674992146380284894,380
71e847bd56ff43ef6e736395d04497ed,3eac5c395d6f86d2,368141f440faef66,ts-order-other-service-6cdbf9b4cc-h7mqk,INSERT ts.orders_other,1674992146381310823,1674992146384121185,2810
71e847bd56ff43ef6e736395d04497ed,9c1b534009d10331,539ae76d280fe723,ts-security-service-cb9788d56-mrzv2,SecurityRepository.findByName,1674992146098465112,1674992146100044918,1579
71e847bd56ff43ef6e736395d04497ed,016a0bb33ee88952,539ae76d280fe723,ts-security-service-cb9788d56-mrzv2,SecurityRepository.findByName,1674992146100066075,1674992146100789989,723
71e847bd56ff43ef6e736395d04497ed,9ca110d9116ef941,9c1b534009d10331,ts-security-service-cb9788d56-mrzv2,SELECT SecurityConfig,1674992146098603281,1674992146100037222,1433
71e847bd56ff43ef6e736395d04497ed,58ae4eca5bafb8b8,016a0bb33ee88952,ts-security-service-cb9788d56-mrzv2,SELECT SecurityConfig,1674992146100135586,1674992146100783892,648
71e847bd56ff43ef6e736395d04497ed,5981b02ab02a1437,9ca110d9116ef941,ts-security-service-cb9788d56-mrzv2,SELECT ts.security_config,1674992146099180931,1674992146099666690,485
71e847bd56ff43ef6e736395d04497ed,0bfffb36f0606e8d,58ae4eca5bafb8b8,ts-security-service-cb9788d56-mrzv2,SELECT ts.security_config,1674992146100214776,1674992146100637014,422
71e847bd56ff43ef6e736395d04497ed,efd2ad623ea0cbb9,0e88268a61a1dca0,ts-contacts-service-866bd68c97-xcqfx,/api/v1/contactservice/contacts/{id},1674992146106000000,1674992146116360583,10360
71e847bd56ff43ef6e736395d04497ed,822fcd2c84be37c9,efd2ad623ea0cbb9,ts-contacts-service-866bd68c97-xcqfx,ContactsController.getContactsByContactsId,1674992146107276561,1674992146115753384,8476
71e847bd56ff43ef6e736395d04497ed,4faf232b30b763bf,822fcd2c84be37c9,ts-contacts-service-866bd68c97-xcqfx,ContactsRepository.findById,1674992146108913990,1674992146114770191,5856
71e847bd56ff43ef6e736395d04497ed,1ffe4ada6b7a0780,4faf232b30b763bf,ts-contacts-service-866bd68c97-xcqfx,Session.find contacts.entity.Contacts,1674992146111266057,1674992146112993123,1727
71e847bd56ff43ef6e736395d04497ed,7200872ba0d24b37,4faf232b30b763bf,ts-contacts-service-866bd68c97-xcqfx,Transaction.commit,1674992146113041615,1674992146114201535,1159
71e847bd56ff43ef6e736395d04497ed,770ef23f4773ad1f,1ffe4ada6b7a0780,ts-contacts-service-866bd68c97-xcqfx,SELECT ts.contacts,1674992146111531806,1674992146112298573,766
71e847bd56ff43ef6e736395d04497ed,4a83f2379f8addd0,45cdd9fa1615942d,ts-travel2-service-5c66d57d58-6mp2b,/api/v1/travel2service/trip_detail,1674992146121000000,1674992146263791225,142791
71e847bd56ff43ef6e736395d04497ed,71917464593de4e0,4a83f2379f8addd0,ts-travel2-service-5c66d57d58-6mp2b,Travel2Controller.getTripAllDetailInfo,1674992146122140774,1674992146263427688,141286
71e847bd56ff43ef6e736395d04497ed,e8d65b70d2c2e853,71917464593de4e0,ts-travel2-service-5c66d57d58-6mp2b,TripRepository.findByTripId,1674992146123018894,1674992146124522281,1503
71e847bd56ff43ef6e736395d04497ed,6d29ff064e6dce35,71917464593de4e0,ts-travel2-service-5c66d57d58-6mp2b,TripRepository.findByTripId,1674992146262071062,1674992146263095656,1024
71e847bd56ff43ef6e736395d04497ed,9162cfb4fdea1969,e8d65b70d2c2e853,ts-travel2-service-5c66d57d58-6mp2b,SELECT Trip,1674992146123279558,1674992146124501594,1222
71e847bd56ff43ef6e736395d04497ed,a9dacdaa774541a2,6d29ff064e6dce35,ts-travel2-service-5c66d57d58-6mp2b,SELECT Trip,1674992146262203289,1674992146263085369,882
71e847bd56ff43ef6e736395d04497ed,00594fbcaadb5cd6,9162cfb4fdea1969,ts-travel2-service-5c66d57d58-6mp2b,SELECT ts.trip2,1674992146123541160,1674992146124374495,833
71e847bd56ff43ef6e736395d04497ed,d3e6ae97b3042639,a9dacdaa774541a2,ts-travel2-service-5c66d57d58-6mp2b,SELECT ts.trip2,1674992146262357742,1674992146263001985,644
71e847bd56ff43ef6e736395d04497ed,6eb20b215a99b01e,71917464593de4e0,ts-travel2-service-5c66d57d58-6mp2b,HTTP POST,1674992146124815156,1674992146163437539,38622
71e847bd56ff43ef6e736395d04497ed,8268eb4f6ac632eb,71917464593de4e0,ts-travel2-service-5c66d57d58-6mp2b,HTTP POST,1674992146164321505,1674992146232824508,68503
71e847bd56ff43ef6e736395d04497ed,ebef6299b125a471,71917464593de4e0,ts-travel2-service-5c66d57d58-6mp2b,HTTP POST,1674992146233798156,1674992146261254110,27455
71e847bd56ff43ef6e736395d04497ed,3fb1a19358fe466e,6eb20b215a99b01e,ts-basic-service-5dc8d4f9fd-46997,/api/v1/basicservice/basic/travel,1674992146126000000,1674992146162770536,36770
71e847bd56ff43ef6e736395d04497ed,213180c80935c8b8,d147873dc851e0df,ts-basic-service-5dc8d4f9fd-46997,/api/v1/basicservice/basic/travel,1674992146268000000,1674992146300940671,32940
71e847bd56ff43ef6e736395d04497ed,1f73865a73b3ba0d,3fb1a19358fe466e,ts-basic-service-5dc8d4f9fd-46997,BasicController.queryForTravel,1674992146126370235,1674992146162642477,36272
71e847bd56ff43ef6e736395d04497ed,a141ead18cb1114c,213180c80935c8b8,ts-basic-service-5dc8d4f9fd-46997,BasicController.queryForTravel,1674992146268910929,1674992146300664325,31753
71e847bd56ff43ef6e736395d04497ed,f3f25df52240fe20,1f73865a73b3ba0d,ts-basic-service-5dc8d4f9fd-46997,HTTP GET,1674992146127264736,1674992146130779795,3515
71e847bd56ff43ef6e736395d04497ed,6038f315d54af81e,1f73865a73b3ba0d,ts-basic-service-5dc8d4f9fd-46997,HTTP GET,1674992146131565567,1674992146134028150,2462
71e847bd56ff43ef6e736395d04497ed,af420f64a7891205,1f73865a73b3ba0d,ts-basic-service-5dc8d4f9fd-46997,HTTP GET,1674992146134643992,1674992146140515154,5871
71e847bd56ff43ef6e736395d04497ed,7de5c7fed04c9aae,1f73865a73b3ba0d,ts-basic-service-5dc8d4f9fd-46997,HTTP GET,1674992146141241456,1674992146152672138,11430
71e847bd56ff43ef6e736395d04497ed,2516d2e243c384d8,1f73865a73b3ba0d,ts-basic-service-5dc8d4f9fd-46997,HTTP GET,1674992146154165668,1674992146161252190,7086
71e847bd56ff43ef6e736395d04497ed,5f83ce6f1c6ff03f,a141ead18cb1114c,ts-basic-service-5dc8d4f9fd-46997,HTTP GET,1674992146269547256,1674992146272534964,2987
71e847bd56ff43ef6e736395d04497ed,baea852ee527b844,a141ead18cb1114c,ts-basic-service-5dc8d4f9fd-46997,HTTP GET,1674992146273060664,1674992146275176648,2115
71e847bd56ff43ef6e736395d04497ed,c89e7e3308c9d1db,a141ead18cb1114c,ts-basic-service-5dc8d4f9fd-46997,HTTP GET,1674992146275597395,1674992146280657951,5060
71e847bd56ff43ef6e736395d04497ed,bd0e1c6d1d3c348f,a141ead18cb1114c,ts-basic-service-5dc8d4f9fd-46997,HTTP GET,1674992146281343658,1674992146292769703,11426
71e847bd56ff43ef6e736395d04497ed,b7689cf8daae7f1f,a141ead18cb1114c,ts-basic-service-5dc8d4f9fd-46997,HTTP GET,1674992146294095552,1674992146299589941,5494
71e847bd56ff43ef6e736395d04497ed,18fe7996896a2e0a,f3f25df52240fe20,ts-station-service-7f4f5f6f77-5qb6j,/api/v1/stationservice/stations/id/{stationNameForId},1674992146128000000,1674992146130345764,2345
71e847bd56ff43ef6e736395d04497ed,676d0458edd0d007,6038f315d54af81e,ts-station-service-7f4f5f6f77-5qb6j,/api/v1/stationservice/stations/id/{stationNameForId},1674992146132000000,1674992146133641138,1641
71e847bd56ff43ef6e736395d04497ed,f0e72af0e822816b,5f83ce6f1c6ff03f,ts-station-service-7f4f5f6f77-5qb6j,/api/v1/stationservice/stations/id/{stationNameForId},1674992146271000000,1674992146273101907,2101
71e847bd56ff43ef6e736395d04497ed,583f2ff4d3a59b37,baea852ee527b844,ts-station-service-7f4f5f6f77-5qb6j,/api/v1/stationservice/stations/id/{stationNameForId},1674992146274000000,1674992146275494527,1494
71e847bd56ff43ef6e736395d04497ed,997259d4c2b6545a,18fe7996896a2e0a,ts-station-service-7f4f5f6f77-5qb6j,StationController.queryForStationId,1674992146128514801,1674992146130213676,1698
71e847bd56ff43ef6e736395d04497ed,34e4796fe2159f7f,676d0458edd0d007,ts-station-service-7f4f5f6f77-5qb6j,StationController.queryForStationId,1674992146132340610,1674992146133545174,1204
71e847bd56ff43ef6e736395d04497ed,debd94bbd9ab3983,f0e72af0e822816b,ts-station-service-7f4f5f6f77-5qb6j,StationController.queryForStationId,1674992146271480552,1674992146272954142,1473
71e847bd56ff43ef6e736395d04497ed,145787e714d25d76,583f2ff4d3a59b37,ts-station-service-7f4f5f6f77-5qb6j,StationController.queryForStationId,1674992146274315668,1674992146275400974,1085
71e847bd56ff43ef6e736395d04497ed,af8c67decd9d5a62,997259d4c2b6545a,ts-station-service-7f4f5f6f77-5qb6j,StationRepository.findByName,1674992146129039428,1674992146129999006,959
71e847bd56ff43ef6e736395d04497ed,7143e55d321b3cfd,34e4796fe2159f7f,ts-station-service-7f4f5f6f77-5qb6j,StationRepository.findByName,1674992146132676634,1674992146133396840,720
71e847bd56ff43ef6e736395d04497ed,9f1119049105f25f,debd94bbd9ab3983,ts-station-service-7f4f5f6f77-5qb6j,StationRepository.findByName,1674992146271897609,1674992146272726389,828
71e847bd56ff43ef6e736395d04497ed,af1742ea81ae4e8f,145787e714d25d76,ts-station-service-7f4f5f6f77-5qb6j,StationRepository.findByName,1674992146274616945,1674992146275267275,650
71e847bd56ff43ef6e736395d04497ed,5ede7bddbdbe15cb,af8c67decd9d5a62,ts-station-service-7f4f5f6f77-5qb6j,SELECT Station,1674992146129181217,1674992146129993576,812
71e847bd56ff43ef6e736395d04497ed,28b218b6e3fefb46,7143e55d321b3cfd,ts-station-service-7f4f5f6f77-5qb6j,SELECT Station,1674992146132729560,1674992146133392513,662
71e847bd56ff43ef6e736395d04497ed,c6543a6bc9026f44,9f1119049105f25f,ts-station-service-7f4f5f6f77-5qb6j,SELECT Station,1674992146271967923,1674992146272719770,751
71e847bd56ff43ef6e736395d04497ed,143a05107fc069cc,af1742ea81ae4e8f,ts-station-service-7f4f5f6f77-5qb6j,SELECT Station,1674992146274660625,1674992146275259697,599
71e847bd56ff43ef6e736395d04497ed,a437cb350279616d,5ede7bddbdbe15cb,ts-station-service-7f4f5f6f77-5qb6j,SELECT ts.station,1674992146129268425,1674992146129940772,672
71e847bd56ff43ef6e736395d04497ed,2739ce54d15b1100,28b218b6e3fefb46,ts-station-service-7f4f5f6f77-5qb6j,SELECT ts.station,1674992146132799145,1674992146133354048,554
71e847bd56ff43ef6e736395d04497ed,167fe77e7c7f998b,c6543a6bc9026f44,ts-station-service-7f4f5f6f77-5qb6j,SELECT ts.station,1674992146272046808,1674992146272662071,615
71e847bd56ff43ef6e736395d04497ed,18dae6ffc9f95b1b,143a05107fc069cc,ts-station-service-7f4f5f6f77-5qb6j,SELECT ts.station,1674992146274705926,1674992146275232723,526
71e847bd56ff43ef6e736395d04497ed,16172ebd12e67834,af420f64a7891205,ts-train-service-86f5f97bc9-dkqmf,/api/v1/trainservice/trains/byName/{name},1674992146136000000,1674992146140277158,4277
71e847bd56ff43ef6e736395d04497ed,16284033e1782d69,c89e7e3308c9d1db,ts-train-service-86f5f97bc9-dkqmf,/api/v1/trainservice/trains/byName/{name},1674992146277000000,1674992146280677101,3677
71e847bd56ff43ef6e736395d04497ed,d2780f5ed203390d,16172ebd12e67834,ts-train-service-86f5f97bc9-dkqmf,TrainController.retrieveByName,1674992146137034374,1674992146139953916,2919
71e847bd56ff43ef6e736395d04497ed,57546aba64088cd5,16284033e1782d69,ts-train-service-86f5f97bc9-dkqmf,TrainController.retrieveByName,1674992146277828789,1674992146280362085,2533
71e847bd56ff43ef6e736395d04497ed,761ddd1b2ebcde9f,d2780f5ed203390d,ts-train-service-86f5f97bc9-dkqmf,TrainTypeRepository.findByName,1674992146137940861,1674992146139522471,1581
71e847bd56ff43ef6e736395d04497ed,cc1f1aa0df0c8b99,57546aba64088cd5,ts-train-service-86f5f97bc9-dkqmf,TrainTypeRepository.findByName,1674992146278598738,1674992146279949173,1350
71e847bd56ff43ef6e736395d04497ed,5309ad8e58186999,761ddd1b2ebcde9f,ts-train-service-86f5f97bc9-dkqmf,SELECT TrainType,1674992146138256258,1674992146139513568,1257
71e847bd56ff43ef6e736395d04497ed,c4de874f27efa35f,cc1f1aa0df0c8b99,ts-train-service-86f5f97bc9-dkqmf,SELECT TrainType,1674992146278748391,1674992146279940914,1192
71e847bd56ff43ef6e736395d04497ed,286d90f754cfb37f,5309ad8e58186999,ts-train-service-86f5f97bc9-dkqmf,SELECT ts.train_type,1674992146138402003,1674992146139403087,1001
71e847bd56ff43ef6e736395d04497ed,46dfea02280b1595,c4de874f27efa35f,ts-train-service-86f5f97bc9-dkqmf,SELECT ts.train_type,1674992146278862599,1674992146279856925,994
71e847bd56ff43ef6e736395d04497ed,db82508e2ae24bf3,7de5c7fed04c9aae,ts-route-service-b6c59fb57-zv8dt,/api/v1/routeservice/routes/{routeId},1674992146143000000,1674992146152503789,9503
71e847bd56ff43ef6e736395d04497ed,c4e3a56d2f924b16,bd0e1c6d1d3c348f,ts-route-service-b6c59fb57-zv8dt,/api/v1/routeservice/routes/{routeId},1674992146284000000,1674992146293307877,9307
71e847bd56ff43ef6e736395d04497ed,fac41612b4129051,db82508e2ae24bf3,ts-route-service-b6c59fb57-zv8dt,RouteController.queryById,1674992146144070683,1674992146152107037,8036
71e847bd56ff43ef6e736395d04497ed,3831c45c6bd741b2,c4e3a56d2f924b16,ts-route-service-b6c59fb57-zv8dt,RouteController.queryById,1674992146284820878,1674992146292907158,8086
71e847bd56ff43ef6e736395d04497ed,cd222b6f485662cd,fac41612b4129051,ts-route-service-b6c59fb57-zv8dt,RouteRepository.findById,1674992146144994998,1674992146149755133,4760
71e847bd56ff43ef6e736395d04497ed,e2ec2519edca7814,3831c45c6bd741b2,ts-route-service-b6c59fb57-zv8dt,RouteRepository.findById,1674992146285606856,1674992146290457685,4850
71e847bd56ff43ef6e736395d04497ed,9c6fa79e1dc49f28,cd222b6f485662cd,ts-route-service-b6c59fb57-zv8dt,Session.find route.entity.Route,1674992146146797822,1674992146147932901,1135
71e847bd56ff43ef6e736395d04497ed,4c6fe3471024d4a3,cd222b6f485662cd,ts-route-service-b6c59fb57-zv8dt,Transaction.commit,1674992146147952438,1674992146149149761,1197
71e847bd56ff43ef6e736395d04497ed,40dd11d1ee41099b,e2ec2519edca7814,ts-route-service-b6c59fb57-zv8dt,Session.find route.entity.Route,1674992146287356306,1674992146288580148,1223
71e847bd56ff43ef6e736395d04497ed,fde76b5257d5de3e,e2ec2519edca7814,ts-route-service-b6c59fb57-zv8dt,Transaction.commit,1674992146288609155,1674992146289840887,1231
71e847bd56ff43ef6e736395d04497ed,4e8d9532789fa439,9c6fa79e1dc49f28,ts-route-service-b6c59fb57-zv8dt,SELECT ts.route,1674992146146966117,1674992146147779204,813
71e847bd56ff43ef6e736395d04497ed,3a7be43c0dd3c8c0,fac41612b4129051,ts-route-service-b6c59fb57-zv8dt,SELECT ts.route_stations,1674992146150107861,1674992146150880914,773
71e847bd56ff43ef6e736395d04497ed,da6d71711db15777,fac41612b4129051,ts-route-service-b6c59fb57-zv8dt,SELECT ts.route_distances,1674992146151043719,1674992146151815245,771
71e847bd56ff43ef6e736395d04497ed,d063b43fdec7bd98,40dd11d1ee41099b,ts-route-service-b6c59fb57-zv8dt,SELECT ts.route,1674992146287458945,1674992146288397425,938
71e847bd56ff43ef6e736395d04497ed,3aabd40563f41aab,3831c45c6bd741b2,ts-route-service-b6c59fb57-zv8dt,SELECT ts.route_stations,1674992146290870149,1674992146291658059,787
71e847bd56ff43ef6e736395d04497ed,25d5e455137b2288,3831c45c6bd741b2,ts-route-service-b6c59fb57-zv8dt,SELECT ts.route_distances,1674992146291901442,1674992146292641091,739
71e847bd56ff43ef6e736395d04497ed,ffa13a4deae0f3b5,2516d2e243c384d8,ts-price-service-76846864d9-g465z,/api/v1/priceservice/prices/{routeId}/{trainType},1674992146156000000,1674992146161540040,5540
71e847bd56ff43ef6e736395d04497ed,4a4c79febc35e82e,b7689cf8daae7f1f,ts-price-service-76846864d9-g465z,/api/v1/priceservice/prices/{routeId}/{trainType},1674992146296000000,1674992146300055144,4055
71e847bd56ff43ef6e736395d04497ed,6571e1913046a96d,ffa13a4deae0f3b5,ts-price-service-76846864d9-g465z,PriceController.query,1674992146156858658,1674992146161165357,4306
71e847bd56ff43ef6e736395d04497ed,f0f1f7ecf5c87073,4a4c79febc35e82e,ts-price-service-76846864d9-g465z,PriceController.query,1674992146296795007,1674992146299773685,2978
71e847bd56ff43ef6e736395d04497ed,9054cd31e87c2b99,6571e1913046a96d,ts-price-service-76846864d9-g465z,PriceConfigRepository.findByRouteIdAndTrainType,1674992146158991888,1674992146160593608,1601
71e847bd56ff43ef6e736395d04497ed,20ff3acc8f390b06,f0f1f7ecf5c87073,ts-price-service-76846864d9-g465z,PriceConfigRepository.findByRouteIdAndTrainType,1674992146298088223,1674992146299380279,1292
71e847bd56ff43ef6e736395d04497ed,ee014a15f371925d,9054cd31e87c2b99,ts-price-service-76846864d9-g465z,SELECT PriceConfig,1674992146159357217,1674992146160583814,1226
71e847bd56ff43ef6e736395d04497ed,60290c8e60c28317,20ff3acc8f390b06,ts-price-service-76846864d9-g465z,SELECT PriceConfig,1674992146298248992,1674992146299370790,1121
71e847bd56ff43ef6e736395d04497ed,8dc5acd4061dcf0c,ee014a15f371925d,ts-price-service-76846864d9-g465z,SELECT ts.price_config,1674992146159530101,1674992146160449981,919
71e847bd56ff43ef6e736395d04497ed,a82aa9563aafd303,60290c8e60c28317,ts-price-service-76846864d9-g465z,SELECT ts.price_config,1674992146298349921,1674992146299261758,911
71e847bd56ff43ef6e736395d04497ed,8341df75a40b6d84,8268eb4f6ac632eb,ts-seat-service-5c95b49cff-tdsdz,/api/v1/seatservice/seats/left_tickets,1674992146166000000,1674992146231597561,65597
71e847bd56ff43ef6e736395d04497ed,bbf91ddaa1fe3b88,ebef6299b125a471,ts-seat-service-5c95b49cff-tdsdz,/api/v1/seatservice/seats/left_tickets,1674992146236000000,1674992146260904829,24904
71e847bd56ff43ef6e736395d04497ed,39da30c96bccea8d,8a76048629dd45cb,ts-seat-service-5c95b49cff-tdsdz,/api/v1/seatservice/seats,1674992146306000000,1674992146358874718,52874
71e847bd56ff43ef6e736395d04497ed,f2e5f458e23bebe3,8341df75a40b6d84,ts-seat-service-5c95b49cff-tdsdz,SeatController.getLeftTicketOfInterval,1674992146166492451,1674992146231369337,64876
71e847bd56ff43ef6e736395d04497ed,a2ba9acc657b9af4,bbf91ddaa1fe3b88,ts-seat-service-5c95b49cff-tdsdz,SeatController.getLeftTicketOfInterval,1674992146236493709,1674992146260740709,24247
71e847bd56ff43ef6e736395d04497ed,7f5d880b81efc77e,39da30c96bccea8d,ts-seat-service-5c95b49cff-tdsdz,SeatController.create,1674992146307159821,1674992146358268572,51108
71e847bd56ff43ef6e736395d04497ed,a2dc294c07ff21b1,f2e5f458e23bebe3,ts-seat-service-5c95b49cff-tdsdz,HTTP POST,1674992146168371046,1674992146180546157,12175
71e847bd56ff43ef6e736395d04497ed,c174885037027630,f2e5f458e23bebe3,ts-seat-service-5c95b49cff-tdsdz,HTTP GET,1674992146214272068,1674992146219164785,4892
71e847bd56ff43ef6e736395d04497ed,56e4147be8b99c0b,a2ba9acc657b9af4,ts-seat-service-5c95b49cff-tdsdz,HTTP POST,1674992146238383475,1674992146249601703,11218
71e847bd56ff43ef6e736395d04497ed,87414d04b5d386a8,a2ba9acc657b9af4,ts-seat-service-5c95b49cff-tdsdz,HTTP GET,1674992146255583325,1674992146259799429,4216
71e847bd56ff43ef6e736395d04497ed,2a0efe98882ba468,7f5d880b81efc77e,ts-seat-service-5c95b49cff-tdsdz,HTTP POST,1674992146308577944,1674992146320619838,12041
71e847bd56ff43ef6e736395d04497ed,f6fe8dea0b466cb6,c174885037027630,ts-config-service-5fcd447d84-wxwjd,/api/v1/configservice/configs/{configName},1674992146216000000,1674992146218033744,2033
71e847bd56ff43ef6e736395d04497ed,0f24a8a9bc45d478,87414d04b5d386a8,ts-config-service-5fcd447d84-wxwjd,/api/v1/configservice/configs/{configName},1674992146257000000,1674992146259075352,2075
71e847bd56ff43ef6e736395d04497ed,6eeec1117dde2130,f6fe8dea0b466cb6,ts-config-service-5fcd447d84-wxwjd,ConfigController.retrieve,1674992146216384798,1674992146217917656,1532
71e847bd56ff43ef6e736395d04497ed,4803934a1210d0a9,0f24a8a9bc45d478,ts-config-service-5fcd447d84-wxwjd,ConfigController.retrieve,1674992146257410807,1674992146258955469,1544
71e847bd56ff43ef6e736395d04497ed,6c3591c16db0dbb7,6eeec1117dde2130,ts-config-service-5fcd447d84-wxwjd,ConfigRepository.findByName,1674992146216786113,1674992146217484084,697
71e847bd56ff43ef6e736395d04497ed,1f7eb3d4cd0000a3,4803934a1210d0a9,ts-config-service-5fcd447d84-wxwjd,ConfigRepository.findByName,1674992146257798951,1674992146258534709,735
71e847bd56ff43ef6e736395d04497ed,7607ae1e66184048,6c3591c16db0dbb7,ts-config-service-5fcd447d84-wxwjd,SELECT Config,1674992146216850795,1674992146217473139,622
71e847bd56ff43ef6e736395d04497ed,3effd5bd7bef4ec8,1f7eb3d4cd0000a3,ts-config-service-5fcd447d84-wxwjd,SELECT Config,1674992146257874091,1674992146258531115,657
71e847bd56ff43ef6e736395d04497ed,85fdd2e431034ea0,7607ae1e66184048,ts-config-service-5fcd447d84-wxwjd,SELECT ts.config,1674992146216914155,1674992146217406225,492
71e847bd56ff43ef6e736395d04497ed,b95d351ebb45c98a,3effd5bd7bef4ec8,ts-config-service-5fcd447d84-wxwjd,SELECT ts.config,1674992146257952776,1674992146258488876,536
71e847bd56ff43ef6e736395d04497ed,95cea46c23fa0edb,fd051c9f002267be,ts-user-service-687d654649-lrcwv,/api/v1/userservice/users/id/{userId},1674992146391000000,1674992146398928749,7928
71e847bd56ff43ef6e736395d04497ed,3b60cd605a57ee2d,95cea46c23fa0edb,ts-user-service-687d654649-lrcwv,UserController.getUserByUserId,1674992146393196139,1674992146397889628,4693
71e847bd56ff43ef6e736395d04497ed,e1fb85910b210f9f,3b60cd605a57ee2d,ts-user-service-687d654649-lrcwv,UserRepository.findByUserId,1674992146394169393,1674992146397099316,2929
71e847bd56ff43ef6e736395d04497ed,c513605d6b3527b4,e1fb85910b210f9f,ts-user-service-687d654649-lrcwv,SELECT User,1674992146394441940,1674992146397091104,2649
71e847bd56ff43ef6e736395d04497ed,f02726adc34d8082,c513605d6b3527b4,ts-user-service-687d654649-lrcwv,SELECT ts.user,1674992146395895370,1674992146396654909,759
3a89eb7a5972e6ce2d5b71f00ca2cb9b,d3cecd5877e599be,root,ts-gateway-service-6f6cfc45b-h5m2n,/*,1674992146154000000,1674992146667513186,513513
3a89eb7a5972e6ce2d5b71f00ca2cb9b,7d17598d277d2a27,d3cecd5877e599be,ts-gateway-service-6f6cfc45b-h5m2n,FilteringWebHandler.handle,1674992146154590135,1674992146667309462,512719
3a89eb7a5972e6ce2d5b71f00ca2cb9b,539858e6c05d0c2e,d3cecd5877e599be,ts-gateway-service-6f6cfc45b-h5m2n,HTTP POST,1674992146155418577,1674992146667476332,512057
3a89eb7a5972e6ce2d5b71f00ca2cb9b,3716d9c671478d3e,539858e6c05d0c2e,ts-preserve-service-b5ccf8557-j4txs,/api/v1/preserveservice/preserve,1674992146158000000,1674992146665535871,507535
3a89eb7a5972e6ce2d5b71f00ca2cb9b,a53bdf2b033b57b8,3716d9c671478d3e,ts-preserve-service-b5ccf8557-j4txs,PreserveController.preserve,1674992146159654466,1674992146665061064,505406
3a89eb7a5972e6ce2d5b71f00ca2cb9b,bb625cb01b4c467c,a53bdf2b033b57b8,ts-preserve-service-b5ccf8557-j4txs,HTTP GET,1674992146160827391,1674992146197108428,36281
3a89eb7a5972e6ce2d5b71f00ca2cb9b,431e1060ab2e6c03,a53bdf2b033b57b8,ts-preserve-service-b5ccf8557-j4txs,HTTP GET,1674992146198034500,1674992146210073555,12039
3a89eb7a5972e6ce2d5b71f00ca2cb9b,1281cb2995e817d5,a53bdf2b033b57b8,ts-preserve-service-b5ccf8557-j4txs,HTTP POST,1674992146211210957,1674992146393162404,181951
3a89eb7a5972e6ce2d5b71f00ca2cb9b,e3ed86b621467ece,a53bdf2b033b57b8,ts-preserve-service-b5ccf8557-j4txs,HTTP POST,1674992146400902281,1674992146439048918,38146
3a89eb7a5972e6ce2d5b71f00ca2cb9b,28403188a2c31834,a53bdf2b033b57b8,ts-preserve-service-b5ccf8557-j4txs,HTTP POST,1674992146439698490,1674992146611460895,171762
3a89eb7a5972e6ce2d5b71f00ca2cb9b,e69a01867c8011ef,a53bdf2b033b57b8,ts-preserve-service-b5ccf8557-j4txs,HTTP POST,1674992146612613428,1674992146637580606,24967
3a89eb7a5972e6ce2d5b71f00ca2cb9b,9748612d6bfe078b,a53bdf2b033b57b8,ts-preserve-service-b5ccf8557-j4txs,HTTP POST,1674992146639008671,1674992146655993066,16984
3a89eb7a5972e6ce2d5b71f00ca2cb9b,d2ef290511b01c16,a53bdf2b033b57b8,ts-preserve-service-b5ccf8557-j4txs,HTTP GET,1674992146656993951,1674992146664137013,7143
3a89eb7a5972e6ce2d5b71f00ca2cb9b,84ab460584daa26f,bb625cb01b4c467c,ts-security-service-cb9788d56-mrzv2,/api/v1/securityservice/securityConfigs/{accountId},1674992146163000000,1674992146196923647,33923
3a89eb7a5972e6ce2d5b71f00ca2cb9b,9e6f9493001be39b,84ab460584daa26f,ts-security-service-cb9788d56-mrzv2,SecurityController.check,1674992146164015982,1674992146196498127,32482
3a89eb7a5972e6ce2d5b71f00ca2cb9b,cf7385c93667b970,9e6f9493001be39b,ts-security-service-cb9788d56-mrzv2,HTTP GET,1674992146164603888,1674992146182803782,18199
3a89eb7a5972e6ce2d5b71f00ca2cb9b,b402f73b2c14176e,9e6f9493001be39b,ts-security-service-cb9788d56-mrzv2,HTTP GET,1674992146183371605,1674992146194073340,10701
3a89eb7a5972e6ce2d5b71f00ca2cb9b,f77a7214721e8fd0,cf7385c93667b970,ts-order-service-5b67c48447-mv5hb,/api/v1/orderservice/order/security/{checkDate}/{accountId},1674992146166000000,1674992146182905767,16905
3a89eb7a5972e6ce2d5b71f00ca2cb9b,14aca3245b061aba,72a461fb17c46372,ts-order-service-5b67c48447-mv5hb,/api/v1/orderservice/order/tickets,1674992146280000000,1674992146296201243,16201
3a89eb7a5972e6ce2d5b71f00ca2cb9b,1dbf17e92fd311a5,cca5684ea1263749,ts-order-service-5b67c48447-mv5hb,/api/v1/orderservice/order/tickets,1674992146317000000,1674992146333221691,16221
3a89eb7a5972e6ce2d5b71f00ca2cb9b,066228b8dc274bc1,b80b929dd0a37fb3,ts-order-service-5b67c48447-mv5hb,/api/v1/orderservice/order/tickets,1674992146446000000,1674992146462242837,16242
3a89eb7a5972e6ce2d5b71f00ca2cb9b,12042a08ce5757ee,e69a01867c8011ef,ts-order-service-5b67c48447-mv5hb,/api/v1/orderservice/order,1674992146615000000,1674992146637425919,22425
3a89eb7a5972e6ce2d5b71f00ca2cb9b,3fd639eb3d6f0b52,f77a7214721e8fd0,ts-order-service-5b67c48447-mv5hb,OrderController.securityInfoCheck,1674992146166435045,1674992146182639161,16204
3a89eb7a5972e6ce2d5b71f00ca2cb9b,390b59965c815e22,14aca3245b061aba,ts-order-service-5b67c48447-mv5hb,OrderController.getTicketListByDateAndTripId,1674992146280341901,1674992146295955433,15613
3a89eb7a5972e6ce2d5b71f00ca2cb9b,080935b0e8e857a4,1dbf17e92fd311a5,ts-order-service-5b67c48447-mv5hb,OrderController.getTicketListByDateAndTripId,1674992146317298103,1674992146332926668,15628
3a89eb7a5972e6ce2d5b71f00ca2cb9b,0b92a833a8d84fd2,066228b8dc274bc1,ts-order-service-5b67c48447-mv5hb,OrderController.getTicketListByDateAndTripId,1674992146446347302,1674992146461998119,15650
3a89eb7a5972e6ce2d5b71f00ca2cb9b,e1218c46782fc5e5,12042a08ce5757ee,ts-order-service-5b67c48447-mv5hb,OrderController.createNewOrder,1674992146615645712,1674992146636981218,21335
3a89eb7a5972e6ce2d5b71f00ca2cb9b,a703c5543170ac84,3fd639eb3d6f0b52,ts-order-service-5b67c48447-mv5hb,OrderRepository.findByAccountId,1674992146166920160,1674992146180556251,13636
3a89eb7a5972e6ce2d5b71f00ca2cb9b,b01a00d60bd1be63,390b59965c815e22,ts-order-service-5b67c48447-mv5hb,OrderRepository.findByTravelDateAndTrainNumber,1674992146280844098,1674992146294329373,13485
3a89eb7a5972e6ce2d5b71f00ca2cb9b,d18c012a71fb8a93,080935b0e8e857a4,ts-order-service-5b67c48447-mv5hb,OrderRepository.findByTravelDateAndTrainNumber,1674992146317687096,1674992146331219280,13532
3a89eb7a5972e6ce2d5b71f00ca2cb9b,ed79b24efdc0c584,0b92a833a8d84fd2,ts-order-service-5b67c48447-mv5hb,OrderRepository.findByTravelDateAndTrainNumber,1674992146446811793,1674992146460363422,13551
3a89eb7a5972e6ce2d5b71f00ca2cb9b,187936a13584d267,e1218c46782fc5e5,ts-order-service-5b67c48447-mv5hb,OrderRepository.findByAccountId,1674992146616416877,1674992146630159443,13742
3a89eb7a5972e6ce2d5b71f00ca2cb9b,71214bc65d626534,e1218c46782fc5e5,ts-order-service-5b67c48447-mv5hb,OrderRepository.save,1674992146630244206,1674992146636164205,5919
3a89eb7a5972e6ce2d5b71f00ca2cb9b,01a858de90f7242c,a703c5543170ac84,ts-order-service-5b67c48447-mv5hb,SELECT Order,1674992146166973545,1674992146180539411,13565
3a89eb7a5972e6ce2d5b71f00ca2cb9b,d348e51ac8e351f0,b01a00d60bd1be63,ts-order-service-5b67c48447-mv5hb,SELECT Order,1674992146280901411,1674992146294313851,13412
3a89eb7a5972e6ce2d5b71f00ca2cb9b,e99463fc0aaaa818,d18c012a71fb8a93,ts-order-service-5b67c48447-mv5hb,SELECT Order,1674992146317762348,1674992146331204820,13442
3a89eb7a5972e6ce2d5b71f00ca2cb9b,aceda5fff58e519c,ed79b24efdc0c584,ts-order-service-5b67c48447-mv5hb,SELECT Order,1674992146446870516,1674992146460346010,13475
3a89eb7a5972e6ce2d5b71f00ca2cb9b,0bef771b006770e7,187936a13584d267,ts-order-service-5b67c48447-mv5hb,SELECT Order,1674992146616475100,1674992146630141138,13666
3a89eb7a5972e6ce2d5b71f00ca2cb9b,c91c10c0754c3d05,71214bc65d626534,ts-order-service-5b67c48447-mv5hb,Session.merge order.entity.Order,1674992146630874963,1674992146631894312,1019
3a89eb7a5972e6ce2d5b71f00ca2cb9b,a46fb0d8175e8ebc,71214bc65d626534,ts-order-service-5b67c48447-mv5hb,Transaction.commit,1674992146631915913,1674992146636135174,4219
3a89eb7a5972e6ce2d5b71f00ca2cb9b,79820849c47e3ad7,01a858de90f7242c,ts-order-service-5b67c48447-mv5hb,SELECT ts.orders,1674992146167527678,1674992146174897238,7369
3a89eb7a5972e6ce2d5b71f00ca2cb9b,fd6fdc9467fe5ed1,d348e51ac8e351f0,ts-order-service-5b67c48447-mv5hb,SELECT ts.orders,1674992146280975286,1674992146288317821,7342
3a89eb7a5972e6ce2d5b71f00ca2cb9b,c74224d0562b4fa5,e99463fc0aaaa818,ts-order-service-5b67c48447-mv5hb,SELECT ts.orders,1674992146317827334,1674992146325186562,7359
3a89eb7a5972e6ce2d5b71f00ca2cb9b,17d8c183889d8823,aceda5fff58e519c,ts-order-service-5b67c48447-mv5hb,SELECT ts.orders,1674992146446953900,1674992146454349556,7395
3a89eb7a5972e6ce2d5b71f00ca2cb9b,e5f844180bfae7e6,0bef771b006770e7,ts-order-service-5b67c48447-mv5hb,SELECT ts.orders,1674992146617069494,1674992146624452816,7383
3a89eb7a5972e6ce2d5b71f00ca2cb9b,fb9c3c29148ebea9,c91c10c0754c3d05,ts-order-service-5b67c48447-mv5hb,SELECT ts.orders,1674992146631045703,1674992146631524993,479
3a89eb7a5972e6ce2d5b71f00ca2cb9b,851dbcec303ebd0c,a46fb0d8175e8ebc,ts-order-service-5b67c48447-mv5hb,INSERT ts.orders,1674992146633007368,1674992146635271116,2263
3a89eb7a5972e6ce2d5b71f00ca2cb9b,fc1ca019f979c6a4,b402f73b2c14176e,ts-order-other-service-6cdbf9b4cc-h7mqk,/api/v1/orderOtherService/orderOther/security/{checkDate}/{accountId},1674992146184000000,1674992146193843708,9843
3a89eb7a5972e6ce2d5b71f00ca2cb9b,9e5fdf2ac51d44db,fc1ca019f979c6a4,ts-order-other-service-6cdbf9b4cc-h7mqk,OrderOtherController.securityInfoCheck,1674992146184362964,1674992146193669930,9306
3a89eb7a5972e6ce2d5b71f00ca2cb9b,8f32b0afc40641c4,9e5fdf2ac51d44db,ts-order-other-service-6cdbf9b4cc-h7mqk,OrderOtherRepository.findByAccountId,1674992146184663260,1674992146192578523,7915
3a89eb7a5972e6ce2d5b71f00ca2cb9b,e173c6027ee2be89,8f32b0afc40641c4,ts-order-other-service-6cdbf9b4cc-h7mqk,SELECT Order,1674992146184703411,1674992146192570948,7867
3a89eb7a5972e6ce2d5b71f00ca2cb9b,dab15b0ec67d5de9,e173c6027ee2be89,ts-order-other-service-6cdbf9b4cc-h7mqk,SELECT ts.orders_other,1674992146184779566,1674992146189443615,4664
3a89eb7a5972e6ce2d5b71f00ca2cb9b,e1b2ec884c330891,9e6f9493001be39b,ts-security-service-cb9788d56-mrzv2,SecurityRepository.findByName,1674992146194410870,1674992146195305176,894
3a89eb7a5972e6ce2d5b71f00ca2cb9b,6872b2c7ce4190c4,9e6f9493001be39b,ts-security-service-cb9788d56-mrzv2,SecurityRepository.findByName,1674992146195318078,1674992146195943469,625
3a89eb7a5972e6ce2d5b71f00ca2cb9b,6ebfec4f9c8253df,e1b2ec884c330891,ts-security-service-cb9788d56-mrzv2,SELECT SecurityConfig,1674992146194498360,1674992146195298223,799
3a89eb7a5972e6ce2d5b71f00ca2cb9b,725ff44f20b19c11,6872b2c7ce4190c4,ts-security-service-cb9788d56-mrzv2,SELECT SecurityConfig,1674992146195372936,1674992146195938725,565
3a89eb7a5972e6ce2d5b71f00ca2cb9b,88677f7567867409,6ebfec4f9c8253df,ts-security-service-cb9788d56-mrzv2,SELECT ts.security_config,1674992146194621072,1674992146195117815,496
3a89eb7a5972e6ce2d5b71f00ca2cb9b,6128ac6624aea4e5,725ff44f20b19c11,ts-security-service-cb9788d56-mrzv2,SELECT ts.security_config,1674992146195436492,1674992146195815398,378
3a89eb7a5972e6ce2d5b71f00ca2cb9b,8fe07caad97495b4,431e1060ab2e6c03,ts-contacts-service-866bd68c97-xcqfx,/api/v1/contactservice/contacts/{id},1674992146201000000,1674992146209939616,8939
3a89eb7a5972e6ce2d5b71f00ca2cb9b,c9c992c038915f50,8fe07caad97495b4,ts-contacts-service-866bd68c97-xcqfx,ContactsController.getContactsByContactsId,1674992146202292543,1674992146209360706,7068
3a89eb7a5972e6ce2d5b71f00ca2cb9b,5321c60090f2b790,c9c992c038915f50,ts-contacts-service-866bd68c97-xcqfx,ContactsRepository.findById,1674992146203675815,1674992146208447712,4771
3a89eb7a5972e6ce2d5b71f00ca2cb9b,5da7a669615c3c9c,5321c60090f2b790,ts-contacts-service-866bd68c97-xcqfx,Session.find contacts.entity.Contacts,1674992146205304263,1674992146206723039,1418
3a89eb7a5972e6ce2d5b71f00ca2cb9b,6d2e2481e0bcc3ca,5321c60090f2b790,ts-contacts-service-866bd68c97-xcqfx,Transaction.commit,1674992146206753041,1674992146207883424,1130
3a89eb7a5972e6ce2d5b71f00ca2cb9b,c517d23b459b75e1,5da7a669615c3c9c,ts-contacts-service-866bd68c97-xcqfx,SELECT ts.contacts,1674992146205500624,1674992146206313196,812
3a89eb7a5972e6ce2d5b71f00ca2cb9b,8e624530c51e8f1e,1281cb2995e817d5,ts-travel-service-64469b5b48-25zj6,/api/v1/travelservice/trip_detail,1674992146213000000,1674992146392431493,179431
3a89eb7a5972e6ce2d5b71f00ca2cb9b,1b74c0bb3cc3360b,8e624530c51e8f1e,ts-travel-service-64469b5b48-25zj6,TravelController.getTripAllDetailInfo,1674992146213772991,1674992146392050036,178277
3a89eb7a5972e6ce2d5b71f00ca2cb9b,15114b82406bf8f5,1b74c0bb3cc3360b,ts-travel-service-64469b5b48-25zj6,TripRepository.findByTripId,1674992146214352858,1674992146215175256,822
3a89eb7a5972e6ce2d5b71f00ca2cb9b,d0207f1e7730b637,1b74c0bb3cc3360b,ts-travel-service-64469b5b48-25zj6,TripRepository.findByTripId,1674992146390970145,1674992146391738523,768
3a89eb7a5972e6ce2d5b71f00ca2cb9b,bac49b066e1381e4,15114b82406bf8f5,ts-travel-service-64469b5b48-25zj6,SELECT Trip,1674992146214501484,1674992146215169422,667
3a89eb7a5972e6ce2d5b71f00ca2cb9b,6ef02b5d72cdf38f,d0207f1e7730b637,ts-travel-service-64469b5b48-25zj6,SELECT Trip,1674992146391078454,1674992146391732657,654
3a89eb7a5972e6ce2d5b71f00ca2cb9b,840107b16fbcc118,bac49b066e1381e4,ts-travel-service-64469b5b48-25zj6,SELECT ts.trip,1674992146214640532,1674992146215088018,447
3a89eb7a5972e6ce2d5b71f00ca2cb9b,c9f53a79992a8ea0,6ef02b5d72cdf38f,ts-travel-service-64469b5b48-25zj6,SELECT ts.trip,1674992146391202509,1674992146391676791,474
3a89eb7a5972e6ce2d5b71f00ca2cb9b,3a984342d44ebb0a,1b74c0bb3cc3360b,ts-travel-service-64469b5b48-25zj6,HTTP POST,1674992146215963776,1674992146252746313,36782
3a89eb7a5972e6ce2d5b71f00ca2cb9b,cf9640e5ebb89e40,1b74c0bb3cc3360b,ts-travel-service-64469b5b48-25zj6,HTTP POST,1674992146253631413,1674992146311688325,58056
3a89eb7a5972e6ce2d5b71f00ca2cb9b,e4a97f6c3c364088,1b74c0bb3cc3360b,ts-travel-service-64469b5b48-25zj6,HTTP POST,1674992146312406591,1674992146390142447,77735
3a89eb7a5972e6ce2d5b71f00ca2cb9b,6f4d395a26003fbf,3a984342d44ebb0a,ts-basic-service-5dc8d4f9fd-46997,/api/v1/basicservice/basic/travel,1674992146217000000,1674992146252240205,35240
3a89eb7a5972e6ce2d5b71f00ca2cb9b,7da78ecf14bdb0af,e3ed86b621467ece,ts-basic-service-5dc8d4f9fd-46997,/api/v1/basicservice/basic/travel,1674992146404000000,1674992146439252753,35252
3a89eb7a5972e6ce2d5b71f00ca2cb9b,0f7af7d5cc49e5c4,6f4d395a26003fbf,ts-basic-service-5dc8d4f9fd-46997,BasicController.queryForTravel,1674992146217378578,1674992146252102522,34723
3a89eb7a5972e6ce2d5b71f00ca2cb9b,cc2ef24f24514294,7da78ecf14bdb0af,ts-basic-service-5dc8d4f9fd-46997,BasicController.queryForTravel,1674992146404659988,1674992146438991875,34331
3a89eb7a5972e6ce2d5b71f00ca2cb9b,6f50af7b56625aaa,0f7af7d5cc49e5c4,ts-basic-service-5dc8d4f9fd-46997,HTTP GET,1674992146218238121,1674992146221720927,3482
3a89eb7a5972e6ce2d5b71f00ca2cb9b,f0f7a8eae6217deb,0f7af7d5cc49e5c4,ts-basic-service-5dc8d4f9fd-46997,HTTP GET,1674992146222253950,1674992146224450341,2196
3a89eb7a5972e6ce2d5b71f00ca2cb9b,7ec66baf506f6115,0f7af7d5cc49e5c4,ts-basic-service-5dc8d4f9fd-46997,HTTP GET,1674992146224896242,1674992146230316262,5420
3a89eb7a5972e6ce2d5b71f00ca2cb9b,fd5a1bbebc33134e,0f7af7d5cc49e5c4,ts-basic-service-5dc8d4f9fd-46997,HTTP GET,1674992146231209297,1674992146243564995,12355
3a89eb7a5972e6ce2d5b71f00ca2cb9b,1efa3e158c04af32,0f7af7d5cc49e5c4,ts-basic-service-5dc8d4f9fd-46997,HTTP GET,1674992146244660349,1674992146250937418,6277
3a89eb7a5972e6ce2d5b71f00ca2cb9b,fba5c7e0cf9135e3,cc2ef24f24514294,ts-basic-service-5dc8d4f9fd-46997,HTTP GET,1674992146405509274,1674992146408727029,3217
3a89eb7a5972e6ce2d5b71f00ca2cb9b,2911f976aaee982a,cc2ef24f24514294,ts-basic-service-5dc8d4f9fd-46997,HTTP GET,1674992146409243605,1674992146411375787,2132
3a89eb7a5972e6ce2d5b71f00ca2cb9b,bd0d72fe46118b40,cc2ef24f24514294,ts-basic-service-5dc8d4f9fd-46997,HTTP GET,1674992146411800086,1674992146418171122,6371
3a89eb7a5972e6ce2d5b71f00ca2cb9b,a480512139b36b8a,cc2ef24f24514294,ts-basic-service-5dc8d4f9fd-46997,HTTP GET,1674992146419028660,1674992146430282048,11253
3a89eb7a5972e6ce2d5b71f00ca2cb9b,b3438bfdd684c70a,cc2ef24f24514294,ts-basic-service-5dc8d4f9fd-46997,HTTP GET,1674992146431716035,1674992146437692950,5976
3a89eb7a5972e6ce2d5b71f00ca2cb9b,eaedbf9c16f3e83d,6f50af7b56625aaa,ts-station-service-7f4f5f6f77-5qb6j,/api/v1/stationservice/stations/id/{stationNameForId},1674992146220000000,1674992146222450364,2450
3a89eb7a5972e6ce2d5b71f00ca2cb9b,e9c3c8d9258c6d9f,f0f7a8eae6217deb,ts-station-service-7f4f5f6f77-5qb6j,/api/v1/stationservice/stations/id/{stationNameForId},1674992146223000000,1674992146224539700,1539
3a89eb7a5972e6ce2d5b71f00ca2cb9b,b27af751f24f7687,fba5c7e0cf9135e3,ts-station-service-7f4f5f6f77-5qb6j,/api/v1/stationservice/stations/id/{stationNameForId},1674992146406000000,1674992146408125440,2125
3a89eb7a5972e6ce2d5b71f00ca2cb9b,2ed68647618578a2,2911f976aaee982a,ts-station-service-7f4f5f6f77-5qb6j,/api/v1/stationservice/stations/id/{stationNameForId},1674992146409000000,1674992146410523814,1523
3a89eb7a5972e6ce2d5b71f00ca2cb9b,337ca8a3d3eb6710,eaedbf9c16f3e83d,ts-station-service-7f4f5f6f77-5qb6j,StationController.queryForStationId,1674992146220505018,1674992146222270915,1765
3a89eb7a5972e6ce2d5b71f00ca2cb9b,736ee03fc4ddbd1a,e9c3c8d9258c6d9f,ts-station-service-7f4f5f6f77-5qb6j,StationController.queryForStationId,1674992146223325268,1674992146224422722,1097
3a89eb7a5972e6ce2d5b71f00ca2cb9b,bf3b5b9ef905e50d,b27af751f24f7687,ts-station-service-7f4f5f6f77-5qb6j,StationController.queryForStationId,1674992146406483088,1674992146407984605,1501
3a89eb7a5972e6ce2d5b71f00ca2cb9b,bfd48203eb636e73,2ed68647618578a2,ts-station-service-7f4f5f6f77-5qb6j,StationController.queryForStationId,1674992146409325523,1674992146410425447,1099
3a89eb7a5972e6ce2d5b71f00ca2cb9b,208d142fa6b33309,337ca8a3d3eb6710,ts-station-service-7f4f5f6f77-5qb6j,StationRepository.findByName,1674992146220947360,1674992146221987525,1040
3a89eb7a5972e6ce2d5b71f00ca2cb9b,4872412731441c59,736ee03fc4ddbd1a,ts-station-service-7f4f5f6f77-5qb6j,StationRepository.findByName,1674992146223630514,1674992146224274724,644
3a89eb7a5972e6ce2d5b71f00ca2cb9b,26b5fcdb85f2049a,bf3b5b9ef905e50d,ts-station-service-7f4f5f6f77-5qb6j,StationRepository.findByName,1674992146406916718,1674992146407777141,860
3a89eb7a5972e6ce2d5b71f00ca2cb9b,7518fd207bdbcd15,bfd48203eb636e73,ts-station-service-7f4f5f6f77-5qb6j,StationRepository.findByName,1674992146409617157,1674992146410270158,653
3a89eb7a5972e6ce2d5b71f00ca2cb9b,c07e1195bb1aff21,208d142fa6b33309,ts-station-service-7f4f5f6f77-5qb6j,SELECT Station,1674992146221029191,1674992146221981183,951
3a89eb7a5972e6ce2d5b71f00ca2cb9b,e69484867ba92238,4872412731441c59,ts-station-service-7f4f5f6f77-5qb6j,SELECT Station,1674992146223678208,1674992146224270996,592
3a89eb7a5972e6ce2d5b71f00ca2cb9b,45864a2a9ad73a88,26b5fcdb85f2049a,ts-station-service-7f4f5f6f77-5qb6j,SELECT Station,1674992146406991137,1674992146407772258,781
3a89eb7a5972e6ce2d5b71f00ca2cb9b,6c4e58f1b6a5cd2b,7518fd207bdbcd15,ts-station-service-7f4f5f6f77-5qb6j,SELECT Station,1674992146409660767,1674992146410267136,606
3a89eb7a5972e6ce2d5b71f00ca2cb9b,9a120a0db7b65586,c07e1195bb1aff21,ts-station-service-7f4f5f6f77-5qb6j,SELECT ts.station,1674992146221123928,1674992146221912363,788
3a89eb7a5972e6ce2d5b71f00ca2cb9b,be31ed23d376baa4,e69484867ba92238,ts-station-service-7f4f5f6f77-5qb6j,SELECT ts.station,1674992146223724502,1674992146224237928,513
3a89eb7a5972e6ce2d5b71f00ca2cb9b,88ee5e9f84b6f0c2,45864a2a9ad73a88,ts-station-service-7f4f5f6f77-5qb6j,SELECT ts.station,1674992146407069129,1674992146407722628,653
3a89eb7a5972e6ce2d5b71f00ca2cb9b,26ead85be1c79071,6c4e58f1b6a5cd2b,ts-station-service-7f4f5f6f77-5qb6j,SELECT ts.station,1674992146409710689,1674992146410235551,524
3a89eb7a5972e6ce2d5b71f00ca2cb9b,f07d3569914bf9d8,7ec66baf506f6115,ts-train-service-86f5f97bc9-dkqmf,/api/v1/trainservice/trains/byName/{name},1674992146227000000,1674992146230771075,3771
3a89eb7a5972e6ce2d5b71f00ca2cb9b,f74346317f6ffaf6,bd0d72fe46118b40,ts-train-service-86f5f97bc9-dkqmf,/api/v1/trainservice/trains/byName/{name},1674992146413000000,1674992146417844941,4844
3a89eb7a5972e6ce2d5b71f00ca2cb9b,1cff9570e4a232ae,f07d3569914bf9d8,ts-train-service-86f5f97bc9-dkqmf,TrainController.retrieveByName,1674992146227900395,1674992146230427425,2527
3a89eb7a5972e6ce2d5b71f00ca2cb9b,9993842c952df933,f74346317f6ffaf6,ts-train-service-86f5f97bc9-dkqmf,TrainController.retrieveByName,1674992146414311591,1674992146417328670,3017
3a89eb7a5972e6ce2d5b71f00ca2cb9b,b67019efbe0574bd,1cff9570e4a232ae,ts-train-service-86f5f97bc9-dkqmf,TrainTypeRepository.findByName,1674992146228697957,1674992146230012770,1314
3a89eb7a5972e6ce2d5b71f00ca2cb9b,8ead37eea7985b7f,9993842c952df933,ts-train-service-86f5f97bc9-dkqmf,TrainTypeRepository.findByName,1674992146415324279,1674992146416802655,1478
3a89eb7a5972e6ce2d5b71f00ca2cb9b,5c170054d3801660,b67019efbe0574bd,ts-train-service-86f5f97bc9-dkqmf,SELECT TrainType,1674992146228863856,1674992146230002805,1138
3a89eb7a5972e6ce2d5b71f00ca2cb9b,fe415dcdd47c2dd1,8ead37eea7985b7f,ts-train-service-86f5f97bc9-dkqmf,SELECT TrainType,1674992146415544012,1674992146416788562,1244
3a89eb7a5972e6ce2d5b71f00ca2cb9b,f78a88e058d7e29d,5c170054d3801660,ts-train-service-86f5f97bc9-dkqmf,SELECT ts.train_type,1674992146228994329,1674992146229893097,898
3a89eb7a5972e6ce2d5b71f00ca2cb9b,677beb7737597d85,fe415dcdd47c2dd1,ts-train-service-86f5f97bc9-dkqmf,SELECT ts.train_type,1674992146415709325,1674992146416661943,952
3a89eb7a5972e6ce2d5b71f00ca2cb9b,99a7fdd3ba8d40a8,fd5a1bbebc33134e,ts-route-service-b6c59fb57-zv8dt,/api/v1/routeservice/routes/{routeId},1674992146234000000,1674992146243444373,9444
3a89eb7a5972e6ce2d5b71f00ca2cb9b,2de6ac0359ec7bd4,a480512139b36b8a,ts-route-service-b6c59fb57-zv8dt,/api/v1/routeservice/routes/{routeId},1674992146420000000,1674992146429547181,9547
3a89eb7a5972e6ce2d5b71f00ca2cb9b,f33f6063dfe2f4df,99a7fdd3ba8d40a8,ts-route-service-b6c59fb57-zv8dt,RouteController.queryById,1674992146234961255,1674992146243083136,8121
3a89eb7a5972e6ce2d5b71f00ca2cb9b,6cf79a270ca0611c,2de6ac0359ec7bd4,ts-route-service-b6c59fb57-zv8dt,RouteController.queryById,1674992146420889665,1674992146429100159,8210
3a89eb7a5972e6ce2d5b71f00ca2cb9b,5e527da62e9f7ca8,f33f6063dfe2f4df,ts-route-service-b6c59fb57-zv8dt,RouteRepository.findById,1674992146235861705,1674992146240879387,5017
3a89eb7a5972e6ce2d5b71f00ca2cb9b,dc2cc5b5abd59f9b,6cf79a270ca0611c,ts-route-service-b6c59fb57-zv8dt,RouteRepository.findById,1674992146421696127,1674992146426728061,5031
3a89eb7a5972e6ce2d5b71f00ca2cb9b,5f27d85a3e123fd1,5e527da62e9f7ca8,ts-route-service-b6c59fb57-zv8dt,Session.find route.entity.Route,1674992146237752391,1674992146238782188,1029
3a89eb7a5972e6ce2d5b71f00ca2cb9b,37908695d03ce35b,5e527da62e9f7ca8,ts-route-service-b6c59fb57-zv8dt,Transaction.commit,1674992146238797438,1674992146240247436,1449
3a89eb7a5972e6ce2d5b71f00ca2cb9b,de47a12cbe61cc81,dc2cc5b5abd59f9b,ts-route-service-b6c59fb57-zv8dt,Session.find route.entity.Route,1674992146423620241,1674992146424776825,1156
3a89eb7a5972e6ce2d5b71f00ca2cb9b,726580b663575ad7,dc2cc5b5abd59f9b,ts-route-service-b6c59fb57-zv8dt,Transaction.commit,1674992146424798482,1674992146425993020,1194
3a89eb7a5972e6ce2d5b71f00ca2cb9b,1c08772c51bf5df6,5f27d85a3e123fd1,ts-route-service-b6c59fb57-zv8dt,SELECT ts.route,1674992146237864656,1674992146238629654,764
3a89eb7a5972e6ce2d5b71f00ca2cb9b,035a741060a042db,f33f6063dfe2f4df,ts-route-service-b6c59fb57-zv8dt,SELECT ts.route_stations,1674992146241209356,1674992146241996010,786
3a89eb7a5972e6ce2d5b71f00ca2cb9b,480ddd4007a2b509,f33f6063dfe2f4df,ts-route-service-b6c59fb57-zv8dt,SELECT ts.route_distances,1674992146242136100,1674992146242841338,705
3a89eb7a5972e6ce2d5b71f00ca2cb9b,8d72f86c406ac730,de47a12cbe61cc81,ts-route-service-b6c59fb57-zv8dt,SELECT ts.route,1674992146423789583,1674992146424591939,802
3a89eb7a5972e6ce2d5b71f00ca2cb9b,29225212e7e41f61,6cf79a270ca0611c,ts-route-service-b6c59fb57-zv8dt,SELECT ts.route_stations,1674992146427157155,1674992146427957836,800
3a89eb7a5972e6ce2d5b71f00ca2cb9b,fc601849b0b1214b,6cf79a270ca0611c,ts-route-service-b6c59fb57-zv8dt,SELECT ts.route_distances,1674992146428114761,1674992146428830123,715
3a89eb7a5972e6ce2d5b71f00ca2cb9b,fb3de2cca8bdd1df,1efa3e158c04af32,ts-price-service-76846864d9-g465z,/api/v1/priceservice/prices/{routeId}/{trainType},1674992146246000000,1674992146250712464,4712
3a89eb7a5972e6ce2d5b71f00ca2cb9b,d8c314af70b7efdf,b3438bfdd684c70a,ts-price-service-76846864d9-g465z,/api/v1/priceservice/prices/{routeId}/{trainType},1674992146433000000,1674992146437348537,4348
3a89eb7a5972e6ce2d5b71f00ca2cb9b,225b6c711c253eb0,fb3de2cca8bdd1df,ts-price-service-76846864d9-g465z,PriceController.query,1674992146246876042,1674992146250387059,3511
3a89eb7a5972e6ce2d5b71f00ca2cb9b,01dffe54b021e89f,d8c314af70b7efdf,ts-price-service-76846864d9-g465z,PriceController.query,1674992146433968393,1674992146437044581,3076
3a89eb7a5972e6ce2d5b71f00ca2cb9b,a884c47c691e31e2,225b6c711c253eb0,ts-price-service-76846864d9-g465z,PriceConfigRepository.findByRouteIdAndTrainType,1674992146248278918,1674992146249809775,1530
3a89eb7a5972e6ce2d5b71f00ca2cb9b,4de5f3f580d1ab8d,01dffe54b021e89f,ts-price-service-76846864d9-g465z,PriceConfigRepository.findByRouteIdAndTrainType,1674992146435190354,1674992146436570250,1379
3a89eb7a5972e6ce2d5b71f00ca2cb9b,396506afccf2755a,a884c47c691e31e2,ts-price-service-76846864d9-g465z,SELECT PriceConfig,1674992146248460752,1674992146249799715,1338
3a89eb7a5972e6ce2d5b71f00ca2cb9b,578543cfd2dd3ddc,4de5f3f580d1ab8d,ts-price-service-76846864d9-g465z,SELECT PriceConfig,1674992146435376674,1674992146436559622,1182
3a89eb7a5972e6ce2d5b71f00ca2cb9b,514fa183242bed81,396506afccf2755a,ts-price-service-76846864d9-g465z,SELECT ts.price_config,1674992146248661647,1674992146249688020,1026
3a89eb7a5972e6ce2d5b71f00ca2cb9b,31562c3552d4fe15,578543cfd2dd3ddc,ts-price-service-76846864d9-g465z,SELECT ts.price_config,1674992146435495256,1674992146436429446,934
3a89eb7a5972e6ce2d5b71f00ca2cb9b,552da184a4316fbf,cf9640e5ebb89e40,ts-seat-service-5c95b49cff-tdsdz,/api/v1/seatservice/seats/left_tickets,1674992146256000000,1674992146311625586,55625
3a89eb7a5972e6ce2d5b71f00ca2cb9b,64a52728fc001924,e4a97f6c3c364088,ts-seat-service-5c95b49cff-tdsdz,/api/v1/seatservice/seats/left_tickets,1674992146314000000,1674992146389611430,75611
3a89eb7a5972e6ce2d5b71f00ca2cb9b,d3126cd5572cfbbb,28403188a2c31834,ts-seat-service-5c95b49cff-tdsdz,/api/v1/seatservice/seats,1674992146443000000,1674992146611635262,168635
3a89eb7a5972e6ce2d5b71f00ca2cb9b,4639ca5d6979503e,552da184a4316fbf,ts-seat-service-5c95b49cff-tdsdz,SeatController.getLeftTicketOfInterval,1674992146256433112,1674992146311396005,54962
3a89eb7a5972e6ce2d5b71f00ca2cb9b,debb8a53bd09be45,64a52728fc001924,ts-seat-service-5c95b49cff-tdsdz,SeatController.getLeftTicketOfInterval,1674992146314400228,1674992146389422045,75021
3a89eb7a5972e6ce2d5b71f00ca2cb9b,1feee7aa27d0a947,d3126cd5572cfbbb,ts-seat-service-5c95b49cff-tdsdz,SeatController.create,1674992146443936064,1674992146611047209,167111
3a89eb7a5972e6ce2d5b71f00ca2cb9b,72a461fb17c46372,4639ca5d6979503e,ts-seat-service-5c95b49cff-tdsdz,HTTP POST,1674992146278695685,1674992146297163133,18467
3a89eb7a5972e6ce2d5b71f00ca2cb9b,93e98606cdee0a4c,4639ca5d6979503e,ts-seat-service-5c95b49cff-tdsdz,HTTP GET,1674992146306933510,1674992146310351791,3418
3a89eb7a5972e6ce2d5b71f00ca2cb9b,cca5684ea1263749,debb8a53bd09be45,ts-seat-service-5c95b49cff-tdsdz,HTTP POST,1674992146315938234,1674992146333743635,17805
3a89eb7a5972e6ce2d5b71f00ca2cb9b,f0cf58679a1d9b28,debb8a53bd09be45,ts-seat-service-5c95b49cff-tdsdz,HTTP GET,1674992146384880102,1674992146388447993,3567
3a89eb7a5972e6ce2d5b71f00ca2cb9b,b80b929dd0a37fb3,1feee7aa27d0a947,ts-seat-service-5c95b49cff-tdsdz,HTTP POST,1674992146445190764,1674992146463202777,18012
3a89eb7a5972e6ce2d5b71f00ca2cb9b,1939d12140f17d19,93e98606cdee0a4c,ts-config-service-5fcd447d84-wxwjd,/api/v1/configservice/configs/{configName},1674992146308000000,1674992146309430386,1430
3a89eb7a5972e6ce2d5b71f00ca2cb9b,54f2c59b52ee3d85,f0cf58679a1d9b28,ts-config-service-5fcd447d84-wxwjd,/api/v1/configservice/configs/{configName},1674992146386000000,1674992146387481717,1481
3a89eb7a5972e6ce2d5b71f00ca2cb9b,371a65f2140492f8,1939d12140f17d19,ts-config-service-5fcd447d84-wxwjd,ConfigController.retrieve,1674992146308237215,1674992146309340560,1103
3a89eb7a5972e6ce2d5b71f00ca2cb9b,7b722b1d412478a3,54f2c59b52ee3d85,ts-config-service-5fcd447d84-wxwjd,ConfigController.retrieve,1674992146386241841,1674992146387392256,1150
3a89eb7a5972e6ce2d5b71f00ca2cb9b,4befc3c05c6a0bc6,371a65f2140492f8,ts-config-service-5fcd447d84-wxwjd,ConfigRepository.findByName,1674992146308487273,1674992146309003531,516
3a89eb7a5972e6ce2d5b71f00ca2cb9b,fc0a10398e9a0bd8,7b722b1d412478a3,ts-config-service-5fcd447d84-wxwjd,ConfigRepository.findByName,1674992146386489365,1674992146387070652,581
3a89eb7a5972e6ce2d5b71f00ca2cb9b,b731845eb37fc98e,4befc3c05c6a0bc6,ts-config-service-5fcd447d84-wxwjd,SELECT Config,1674992146308516864,1674992146309001183,484
3a89eb7a5972e6ce2d5b71f00ca2cb9b,844f9d93eee80795,fc0a10398e9a0bd8,ts-config-service-5fcd447d84-wxwjd,SELECT Config,1674992146386523976,1674992146387068238,544
3a89eb7a5972e6ce2d5b71f00ca2cb9b,a1f35793436dc9cc,b731845eb37fc98e,ts-config-service-5fcd447d84-wxwjd,SELECT ts.config,1674992146308559159,1674992146308971064,411
3a89eb7a5972e6ce2d5b71f00ca2cb9b,d7044007c6ad2e2b,844f9d93eee80795,ts-config-service-5fcd447d84-wxwjd,SELECT ts.config,1674992146386564928,1674992146387041366,476
3a89eb7a5972e6ce2d5b71f00ca2cb9b,15a76f6fca11cae9,9748612d6bfe078b,ts-food-service-f5756978c-k8vqf,/api/v1/foodservice/orders,1674992146641000000,1674992146655406389,14406
3a89eb7a5972e6ce2d5b71f00ca2cb9b,9cd89da8b2ca5fdd,15a76f6fca11cae9,ts-food-service-f5756978c-k8vqf,FoodController.createFoodOrder,1674992146642115198,1674992146654931774,12816
3a89eb7a5972e6ce2d5b71f00ca2cb9b,cc6144cfc753b21e,9cd89da8b2ca5fdd,ts-food-service-f5756978c-k8vqf,FoodOrderRepository.findByOrderId,1674992146643129694,1674992146646996130,3866
3a89eb7a5972e6ce2d5b71f00ca2cb9b,1060e5fca04b9cce,9cd89da8b2ca5fdd,ts-food-service-f5756978c-k8vqf,FoodOrderRepository.save,1674992146647055536,1674992146652482334,5426
3a89eb7a5972e6ce2d5b71f00ca2cb9b,54359accd233422e,cc6144cfc753b21e,ts-food-service-f5756978c-k8vqf,SELECT FoodOrder,1674992146643858008,1674992146646891519,3033
3a89eb7a5972e6ce2d5b71f00ca2cb9b,267c8448a496231b,1060e5fca04b9cce,ts-food-service-f5756978c-k8vqf,Session.merge foodsearch.entity.FoodOrder,1674992146647867542,1674992146649314702,1447
3a89eb7a5972e6ce2d5b71f00ca2cb9b,c406415f0979c49b,1060e5fca04b9cce,ts-food-service-f5756978c-k8vqf,Transaction.commit,1674992146649364055,1674992146652458950,3094
3a89eb7a5972e6ce2d5b71f00ca2cb9b,b5468a4f3efd2a5b,54359accd233422e,ts-food-service-f5756978c-k8vqf,SELECT ts.food_order,1674992146645360864,1674992146646298675,937
3a89eb7a5972e6ce2d5b71f00ca2cb9b,3f38978feec55b31,267c8448a496231b,ts-food-service-f5756978c-k8vqf,SELECT ts.food_order,1674992146648260078,1674992146648701440,441
3a89eb7a5972e6ce2d5b71f00ca2cb9b,acbb615f78640720,c406415f0979c49b,ts-food-service-f5756978c-k8vqf,INSERT ts.food_order,1674992146649763975,1674992146651728855,1964
3a89eb7a5972e6ce2d5b71f00ca2cb9b,51a9a800779fb046,9cd89da8b2ca5fdd,ts-food-service-f5756978c-k8vqf,<default> send,1674992146653957542,1674992146654245663,288
3a89eb7a5972e6ce2d5b71f00ca2cb9b,34a867efdeb24987,51a9a800779fb046,ts-delivery-service-7d97b69596-lmsfv,food_delivery process,1674992146657000000,1674992146672884953,15884
3a89eb7a5972e6ce2d5b71f00ca2cb9b,587343f5d44e2f4f,51a9a800779fb046,ts-delivery-service-7d97b69596-lmsfv,food_delivery process,1674992146657000000,1674992146657114680,114
3a89eb7a5972e6ce2d5b71f00ca2cb9b,306ce5bfb1032942,d2ef290511b01c16,ts-user-service-687d654649-lrcwv,/api/v1/userservice/users/id/{userId},1674992146660000000,1674992146664505765,4505
3a89eb7a5972e6ce2d5b71f00ca2cb9b,3465109f4335203d,306ce5bfb1032942,ts-user-service-687d654649-lrcwv,UserController.getUserByUserId,1674992146661337931,1674992146663804362,2466
3a89eb7a5972e6ce2d5b71f00ca2cb9b,294ebd7813cc9145,34a867efdeb24987,ts-delivery-service-7d97b69596-lmsfv,DeliveryRepository.save,1674992146661363806,1674992146672679802,11315
3a89eb7a5972e6ce2d5b71f00ca2cb9b,8deb24dbd274e819,3465109f4335203d,ts-user-service-687d654649-lrcwv,UserRepository.findByUserId,1674992146661940064,1674992146663344887,1404
3a89eb7a5972e6ce2d5b71f00ca2cb9b,d106b9236c4528f2,8deb24dbd274e819,ts-user-service-687d654649-lrcwv,SELECT User,1674992146662083792,1674992146663335859,1252
3a89eb7a5972e6ce2d5b71f00ca2cb9b,07770b9d3ef4411e,d106b9236c4528f2,ts-user-service-687d654649-lrcwv,SELECT ts.user,1674992146662251130,1674992146663019373,768
3a89eb7a5972e6ce2d5b71f00ca2cb9b,638992ad6286954f,294ebd7813cc9145,ts-delivery-service-7d97b69596-lmsfv,Session.merge delivery.entity.Delivery,1674992146665423149,1674992146668730961,3307
3a89eb7a5972e6ce2d5b71f00ca2cb9b,f9c0044766b3204f,294ebd7813cc9145,ts-delivery-service-7d97b69596-lmsfv,Transaction.commit,1674992146668813659,1674992146672483572,3669
3a89eb7a5972e6ce2d5b71f00ca2cb9b,df3051e55b998fe5,638992ad6286954f,ts-delivery-service-7d97b69596-lmsfv,SELECT ts.delivery,1674992146666941732,1674992146667922248,980
3a89eb7a5972e6ce2d5b71f00ca2cb9b,e003c8b409188934,f9c0044766b3204f,ts-delivery-service-7d97b69596-lmsfv,INSERT ts.delivery,1674992146669473683,1674992146671580822,2107
9f830dcb5ccc11df00429ce3674876f6,633f7ecf507e173a,root,ts-gateway-service-6f6cfc45b-h5m2n,/*,1674992124955000000,1674992125288907845,333907
9f830dcb5ccc11df00429ce3674876f6,1d2a5a6b8256544a,633f7ecf507e173a,ts-gateway-service-6f6cfc45b-h5m2n,FilteringWebHandler.handle,1674992124955784335,1674992125288726507,332942
9f830dcb5ccc11df00429ce3674876f6,25555f8d807b749d,633f7ecf507e173a,ts-gateway-service-6f6cfc45b-h5m2n,HTTP POST,1674992124956764585,1674992125288879878,332115
9f830dcb5ccc11df00429ce3674876f6,d6f4d5b3a2915be9,25555f8d807b749d,ts-travel-service-64469b5b48-25zj6,/api/v1/travelservice/trips/left,1674992124959000000,1674992125286967686,327967
9f830dcb5ccc11df00429ce3674876f6,b95d7429a98bd369,d6f4d5b3a2915be9,ts-travel-service-64469b5b48-25zj6,TravelController.queryInfo,1674992124960207176,1674992125286533438,326326
9f830dcb5ccc11df00429ce3674876f6,2140aa6bbde9c172,b95d7429a98bd369,ts-travel-service-64469b5b48-25zj6,TripRepository.findAll,1674992124960943556,1674992124963021366,2077
9f830dcb5ccc11df00429ce3674876f6,8a6ae6e4cc6f2626,2140aa6bbde9c172,ts-travel-service-64469b5b48-25zj6,SELECT Trip,1674992124961897704,1674992124962484230,586
9f830dcb5ccc11df00429ce3674876f6,df5b231cefed106e,2140aa6bbde9c172,ts-travel-service-64469b5b48-25zj6,Transaction.commit,1674992124962515050,1674992124962854214,339
9f830dcb5ccc11df00429ce3674876f6,41c2e8b4d837e318,8a6ae6e4cc6f2626,ts-travel-service-64469b5b48-25zj6,SELECT ts.trip,1674992124962028280,1674992124962376924,348
9f830dcb5ccc11df00429ce3674876f6,5281b1113f6df5be,b95d7429a98bd369,ts-travel-service-64469b5b48-25zj6,HTTP POST,1674992124963923474,1674992125231179937,267256
9f830dcb5ccc11df00429ce3674876f6,80ca74e02229e840,b95d7429a98bd369,ts-travel-service-64469b5b48-25zj6,HTTP POST,1674992125232473913,1674992125269816065,37342
9f830dcb5ccc11df00429ce3674876f6,e47bd11c19201b0c,b95d7429a98bd369,ts-travel-service-64469b5b48-25zj6,HTTP POST,1674992125270595232,1674992125285405163,14809
9f830dcb5ccc11df00429ce3674876f6,ef0a7d5cfc2d83af,5281b1113f6df5be,ts-basic-service-5dc8d4f9fd-46997,/api/v1/basicservice/basic/travels,1674992124967000000,1674992125230723626,263723
9f830dcb5ccc11df00429ce3674876f6,38f3ca84364a329b,ef0a7d5cfc2d83af,ts-basic-service-5dc8d4f9fd-46997,BasicController.queryForTravels,1674992124967403891,1674992125230546363,263142
9f830dcb5ccc11df00429ce3674876f6,2072f22e5cdbee9e,38f3ca84364a329b,ts-basic-service-5dc8d4f9fd-46997,HTTP POST,1674992124968427621,1674992124972342886,3915
9f830dcb5ccc11df00429ce3674876f6,6bbcc55e0de84489,38f3ca84364a329b,ts-basic-service-5dc8d4f9fd-46997,HTTP POST,1674992124972857954,1674992125200909024,228051
9f830dcb5ccc11df00429ce3674876f6,f29eab208117d05a,38f3ca84364a329b,ts-basic-service-5dc8d4f9fd-46997,HTTP POST,1674992125202156025,1674992125219540007,17383
9f830dcb5ccc11df00429ce3674876f6,bf8beccee6737556,38f3ca84364a329b,ts-basic-service-5dc8d4f9fd-46997,HTTP POST,1674992125221243622,1674992125229593316,8349
9f830dcb5ccc11df00429ce3674876f6,07bab20c7a51692c,2072f22e5cdbee9e,ts-station-service-7f4f5f6f77-5qb6j,/api/v1/stationservice/stations/idlist,1674992124969000000,1674992124971736884,2736
9f830dcb5ccc11df00429ce3674876f6,f2d793992ca336ac,07bab20c7a51692c,ts-station-service-7f4f5f6f77-5qb6j,StationController.queryForIdBatch,1674992124969437345,1674992124971583805,2146
9f830dcb5ccc11df00429ce3674876f6,3f2715e2bbf224f0,f2d793992ca336ac,ts-station-service-7f4f5f6f77-5qb6j,StationRepository.findByNames,1674992124969971635,1674992124971365854,1394
9f830dcb5ccc11df00429ce3674876f6,df5718bdbde74ea1,3f2715e2bbf224f0,ts-station-service-7f4f5f6f77-5qb6j,SELECT station,1674992124970212676,1674992124971354372,1141
9f830dcb5ccc11df00429ce3674876f6,35a5ce0983d44c03,df5718bdbde74ea1,ts-station-service-7f4f5f6f77-5qb6j,SELECT ts.station,1674992124970780885,1674992124971305473,524
9f830dcb5ccc11df00429ce3674876f6,a44b1eb701d77752,6bbcc55e0de84489,ts-train-service-86f5f97bc9-dkqmf,/api/v1/trainservice/trains/byNames,1674992125195000000,1674992125200502383,5502
9f830dcb5ccc11df00429ce3674876f6,bcd248589417cc12,a44b1eb701d77752,ts-train-service-86f5f97bc9-dkqmf,TrainController.retrieveByName,1674992125195988563,1674992125200111455,4122
9f830dcb5ccc11df00429ce3674876f6,d3ad81587e95d048,bcd248589417cc12,ts-train-service-86f5f97bc9-dkqmf,TrainTypeRepository.findByNames,1674992125197031220,1674992125199557874,2526
9f830dcb5ccc11df00429ce3674876f6,3850c8ecc812ff2b,d3ad81587e95d048,ts-train-service-86f5f97bc9-dkqmf,SELECT train_type,1674992125197204337,1674992125199534444,2330
9f830dcb5ccc11df00429ce3674876f6,78a2ad52a8996458,3850c8ecc812ff2b,ts-train-service-86f5f97bc9-dkqmf,SELECT ts.train_type,1674992125198449778,1674992125199417633,967
9f830dcb5ccc11df00429ce3674876f6,8fe960e99dd584e6,f29eab208117d05a,ts-route-service-b6c59fb57-zv8dt,/api/v1/routeservice/routes/byIds/,1674992125204000000,1674992125219237940,15237
9f830dcb5ccc11df00429ce3674876f6,350b51668b8a1691,8fe960e99dd584e6,ts-route-service-b6c59fb57-zv8dt,RouteController.queryByIds,1674992125205213367,1674992125218684316,13470
9f830dcb5ccc11df00429ce3674876f6,a0c1678bf45e0702,350b51668b8a1691,ts-route-service-b6c59fb57-zv8dt,RouteRepository.findByIds,1674992125206605780,1674992125209358615,2752
9f830dcb5ccc11df00429ce3674876f6,a1d020d69db2e5ec,a0c1678bf45e0702,ts-route-service-b6c59fb57-zv8dt,SELECT route,1674992125206899365,1674992125209331686,2432
9f830dcb5ccc11df00429ce3674876f6,6a49590c7c6b5b84,a1d020d69db2e5ec,ts-route-service-b6c59fb57-zv8dt,SELECT ts.route,1674992125208195088,1674992125209024182,829
9f830dcb5ccc11df00429ce3674876f6,64618d539b85632e,350b51668b8a1691,ts-route-service-b6c59fb57-zv8dt,SELECT ts.route_stations,1674992125209799339,1674992125210627006,827
9f830dcb5ccc11df00429ce3674876f6,1c9fa4a5df0b317e,350b51668b8a1691,ts-route-service-b6c59fb57-zv8dt,SELECT ts.route_distances,1674992125210803133,1674992125211624887,821
9f830dcb5ccc11df00429ce3674876f6,5b1d49a67fb12f31,350b51668b8a1691,ts-route-service-b6c59fb57-zv8dt,SELECT ts.route_stations,1674992125211817568,1674992125212509138,691
9f830dcb5ccc11df00429ce3674876f6,a7c82b563c021bd0,350b51668b8a1691,ts-route-service-b6c59fb57-zv8dt,SELECT ts.route_distances,1674992125212625467,1674992125213318566,693
9f830dcb5ccc11df00429ce3674876f6,9cebc1bfc1e6f07a,350b51668b8a1691,ts-route-service-b6c59fb57-zv8dt,SELECT ts.route_stations,1674992125213418688,1674992125214073495,654
9f830dcb5ccc11df00429ce3674876f6,6ae506bdf8109d96,350b51668b8a1691,ts-route-service-b6c59fb57-zv8dt,SELECT ts.route_distances,1674992125214159009,1674992125214833768,674
9f830dcb5ccc11df00429ce3674876f6,ae8a8bf144e6e834,350b51668b8a1691,ts-route-service-b6c59fb57-zv8dt,SELECT ts.route_stations,1674992125214918851,1674992125215647947,729
9f830dcb5ccc11df00429ce3674876f6,91adbea0dee29c95,350b51668b8a1691,ts-route-service-b6c59fb57-zv8dt,SELECT ts.route_distances,1674992125215745511,1674992125216585504,839
9f830dcb5ccc11df00429ce3674876f6,6a95873894a00b97,350b51668b8a1691,ts-route-service-b6c59fb57-zv8dt,SELECT ts.route_stations,1674992125216710033,1674992125217552891,842
9f830dcb5ccc11df00429ce3674876f6,4a50b0a5a3dee510,350b51668b8a1691,ts-route-service-b6c59fb57-zv8dt,SELECT ts.route_distances,1674992125217662302,1674992125218354548,692
9f830dcb5ccc11df00429ce3674876f6,7cdba4be07619113,bf8beccee6737556,ts-price-service-76846864d9-g465z,/api/v1/priceservice/prices/byRouteIdsAndTrainTypes,1674992125223000000,1674992125228132787,5132
9f830dcb5ccc11df00429ce3674876f6,6c727315155b77b6,7cdba4be07619113,ts-price-service-76846864d9-g465z,PriceController.query,1674992125224003302,1674992125227732582,3729
9f830dcb5ccc11df00429ce3674876f6,fc45ca5bf35964d8,6c727315155b77b6,ts-price-service-76846864d9-g465z,PriceConfigRepository.findByRouteIdsAndTrainTypes,1674992125225153664,1674992125227261086,2107
9f830dcb5ccc11df00429ce3674876f6,5456d6dccd8ef7dc,fc45ca5bf35964d8,ts-price-service-76846864d9-g465z,SELECT price_config,1674992125225400221,1674992125227241088,1840
9f830dcb5ccc11df00429ce3674876f6,4243cb09ce718816,5456d6dccd8ef7dc,ts-price-service-76846864d9-g465z,SELECT ts.price_config,1674992125226391211,1674992125227113014,721
9f830dcb5ccc11df00429ce3674876f6,567e90293dffd191,80ca74e02229e840,ts-seat-service-5c95b49cff-tdsdz,/api/v1/seatservice/seats/left_tickets,1674992125251000000,1674992125269616235,18616
9f830dcb5ccc11df00429ce3674876f6,1dbafb6ff4e01650,e47bd11c19201b0c,ts-seat-service-5c95b49cff-tdsdz,/api/v1/seatservice/seats/left_tickets,1674992125272000000,1674992125285230187,13230
9f830dcb5ccc11df00429ce3674876f6,8947a9fa5ee52cb6,567e90293dffd191,ts-seat-service-5c95b49cff-tdsdz,SeatController.getLeftTicketOfInterval,1674992125251755276,1674992125269352937,17597
9f830dcb5ccc11df00429ce3674876f6,bd952aa52cab9d15,1dbafb6ff4e01650,ts-seat-service-5c95b49cff-tdsdz,SeatController.getLeftTicketOfInterval,1674992125272538134,1674992125284969267,12431
9f830dcb5ccc11df00429ce3674876f6,e45ac8d34c8a107e,8947a9fa5ee52cb6,ts-seat-service-5c95b49cff-tdsdz,HTTP POST,1674992125254213432,1674992125261695603,7482
9f830dcb5ccc11df00429ce3674876f6,e10a55a4d999f8a8,8947a9fa5ee52cb6,ts-seat-service-5c95b49cff-tdsdz,HTTP GET,1674992125262910371,1674992125267940585,5030
9f830dcb5ccc11df00429ce3674876f6,29a15822f563a6e5,bd952aa52cab9d15,ts-seat-service-5c95b49cff-tdsdz,HTTP POST,1674992125274497818,1674992125279201496,4703
9f830dcb5ccc11df00429ce3674876f6,cb78cd5a4b1be06d,bd952aa52cab9d15,ts-seat-service-5c95b49cff-tdsdz,HTTP GET,1674992125280318337,1674992125283864725,3546
9f830dcb5ccc11df00429ce3674876f6,bdc57ba36499411e,e45ac8d34c8a107e,ts-order-service-5b67c48447-mv5hb,/api/v1/orderservice/order/tickets,1674992125258000000,1674992125260859827,2859
9f830dcb5ccc11df00429ce3674876f6,27053602bb7d4dde,29a15822f563a6e5,ts-order-service-5b67c48447-mv5hb,/api/v1/orderservice/order/tickets,1674992125276000000,1674992125278232000,2232
9f830dcb5ccc11df00429ce3674876f6,d69a4327965196fa,bdc57ba36499411e,ts-order-service-5b67c48447-mv5hb,OrderController.getTicketListByDateAndTripId,1674992125258334279,1674992125260726942,2392
9f830dcb5ccc11df00429ce3674876f6,b81386184b6ecca5,27053602bb7d4dde,ts-order-service-5b67c48447-mv5hb,OrderController.getTicketListByDateAndTripId,1674992125276279842,1674992125278137501,1857
9f830dcb5ccc11df00429ce3674876f6,c79675d41a112ff0,d69a4327965196fa,ts-order-service-5b67c48447-mv5hb,OrderRepository.findByTravelDateAndTrainNumber,1674992125258797098,1674992125260299552,1502
9f830dcb5ccc11df00429ce3674876f6,51cd3e67988cf270,b81386184b6ecca5,ts-order-service-5b67c48447-mv5hb,OrderRepository.findByTravelDateAndTrainNumber,1674992125276657187,1674992125277761892,1104
9f830dcb5ccc11df00429ce3674876f6,c51853fa1a0872e3,c79675d41a112ff0,ts-order-service-5b67c48447-mv5hb,SELECT Order,1674992125258854588,1674992125260289102,1434
9f830dcb5ccc11df00429ce3674876f6,bd2d528c051a63bf,51cd3e67988cf270,ts-order-service-5b67c48447-mv5hb,SELECT Order,1674992125276708624,1674992125277755533,1046
9f830dcb5ccc11df00429ce3674876f6,4ee90681f4252e20,c51853fa1a0872e3,ts-order-service-5b67c48447-mv5hb,SELECT ts.orders,1674992125259445991,1674992125260276438,830
9f830dcb5ccc11df00429ce3674876f6,72f0a7dcec95c0aa,bd2d528c051a63bf,ts-order-service-5b67c48447-mv5hb,SELECT ts.orders,1674992125276781979,1674992125277744919,962
9f830dcb5ccc11df00429ce3674876f6,9420b23732b5f5b9,e10a55a4d999f8a8,ts-config-service-5fcd447d84-wxwjd,/api/v1/configservice/configs/{configName},1674992125264000000,1674992125266301115,2301
9f830dcb5ccc11df00429ce3674876f6,9aa7ec3588658e48,cb78cd5a4b1be06d,ts-config-service-5fcd447d84-wxwjd,/api/v1/configservice/configs/{configName},1674992125281000000,1674992125282347239,1347
9f830dcb5ccc11df00429ce3674876f6,0aba1cc44311bd0e,9420b23732b5f5b9,ts-config-service-5fcd447d84-wxwjd,ConfigController.retrieve,1674992125264396766,1674992125266184513,1787
9f830dcb5ccc11df00429ce3674876f6,0215cafd693397f9,9aa7ec3588658e48,ts-config-service-5fcd447d84-wxwjd,ConfigController.retrieve,1674992125281199105,1674992125282256616,1057
9f830dcb5ccc11df00429ce3674876f6,42578ff305faba13,0aba1cc44311bd0e,ts-config-service-5fcd447d84-wxwjd,ConfigRepository.findByName,1674992125264817062,1674992125265764437,947
9f830dcb5ccc11df00429ce3674876f6,5d2a1be26c7f7e99,0215cafd693397f9,ts-config-service-5fcd447d84-wxwjd,ConfigRepository.findByName,1674992125281458114,1674992125281948244,490
9f830dcb5ccc11df00429ce3674876f6,bbe76b6739addf89,42578ff305faba13,ts-config-service-5fcd447d84-wxwjd,SELECT Config,1674992125264892361,1674992125265759839,867
9f830dcb5ccc11df00429ce3674876f6,3a5f427366dd30d0,5d2a1be26c7f7e99,ts-config-service-5fcd447d84-wxwjd,SELECT Config,1674992125281497896,1674992125281946137,448
9f830dcb5ccc11df00429ce3674876f6,d8d9cc7dfb27cad6,bbe76b6739addf89,ts-config-service-5fcd447d84-wxwjd,SELECT ts.config,1674992125265360806,1674992125265719233,358
9f830dcb5ccc11df00429ce3674876f6,27f1170475d864f7,3a5f427366dd30d0,ts-config-service-5fcd447d84-wxwjd,SELECT ts.config,1674992125281529813,1674992125281924557,394
1217746ccacf6a040a147ee924c03052,abfbc5ecd076a6c7,root,ts-gateway-service-6f6cfc45b-h5m2n,/*,1674992109692000000,1674992110224652898,532652
1217746ccacf6a040a147ee924c03052,e1e40537f3c28dda,abfbc5ecd076a6c7,ts-gateway-service-6f6cfc45b-h5m2n,FilteringWebHandler.handle,1674992109692856777,1674992110224362435,531505
1217746ccacf6a040a147ee924c03052,b99e5223160a2bd9,abfbc5ecd076a6c7,ts-gateway-service-6f6cfc45b-h5m2n,HTTP POST,1674992109693869876,1674992110224579436,530709
1217746ccacf6a040a147ee924c03052,040e5d843741f2c2,b99e5223160a2bd9,ts-travel-service-64469b5b48-25zj6,/api/v1/travelservice/trips/left,1674992109695000000,1674992110221968907,526968
1217746ccacf6a040a147ee924c03052,0d667f5de49945e2,040e5d843741f2c2,ts-travel-service-64469b5b48-25zj6,TravelController.queryInfo,1674992109695829240,1674992110221610407,525781
1217746ccacf6a040a147ee924c03052,2e279490afa5c19e,0d667f5de49945e2,ts-travel-service-64469b5b48-25zj6,TripRepository.findAll,1674992109696376968,1674992109698753100,2376
1217746ccacf6a040a147ee924c03052,8203c53315254221,2e279490afa5c19e,ts-travel-service-64469b5b48-25zj6,SELECT Trip,1674992109697624956,1674992109698226355,601
1217746ccacf6a040a147ee924c03052,6cee8da739ad6af1,2e279490afa5c19e,ts-travel-service-64469b5b48-25zj6,Transaction.commit,1674992109698247938,1674992109698599325,351
1217746ccacf6a040a147ee924c03052,2d1dfefd74ae1a02,8203c53315254221,ts-travel-service-64469b5b48-25zj6,SELECT ts.trip,1674992109697714050,1674992109698136138,422
1217746ccacf6a040a147ee924c03052,993475307054b6d3,0d667f5de49945e2,ts-travel-service-64469b5b48-25zj6,HTTP POST,1674992109699568218,1674992109742383428,42815
1217746ccacf6a040a147ee924c03052,af0d78f6134bd8e6,0d667f5de49945e2,ts-travel-service-64469b5b48-25zj6,HTTP POST,1674992109743500889,1674992109793658488,50157
1217746ccacf6a040a147ee924c03052,e8b9d6949ed491a7,0d667f5de49945e2,ts-travel-service-64469b5b48-25zj6,HTTP POST,1674992109794443495,1674992110048455538,254012
1217746ccacf6a040a147ee924c03052,786d1ea2e75b054d,0d667f5de49945e2,ts-travel-service-64469b5b48-25zj6,HTTP POST,1674992110049865918,1674992110080496364,30630
1217746ccacf6a040a147ee924c03052,d3e9f2b03c224fdb,0d667f5de49945e2,ts-travel-service-64469b5b48-25zj6,HTTP POST,1674992110081241577,1674992110128507788,47266
1217746ccacf6a040a147ee924c03052,4d95d21eefa24a53,0d667f5de49945e2,ts-travel-service-64469b5b48-25zj6,HTTP POST,1674992110129553690,1674992110176160941,46607
1217746ccacf6a040a147ee924c03052,040d9245a11e8d3a,0d667f5de49945e2,ts-travel-service-64469b5b48-25zj6,HTTP POST,1674992110177003454,1674992110220648851,43645
1217746ccacf6a040a147ee924c03052,bd01a9d31466eb58,993475307054b6d3,ts-basic-service-5dc8d4f9fd-46997,/api/v1/basicservice/basic/travels,1674992109701000000,1674992109741891973,40891
1217746ccacf6a040a147ee924c03052,0f73316343112253,bd01a9d31466eb58,ts-basic-service-5dc8d4f9fd-46997,BasicController.queryForTravels,1674992109701450320,1674992109741743928,40293
1217746ccacf6a040a147ee924c03052,64378a72a19e70cd,0f73316343112253,ts-basic-service-5dc8d4f9fd-46997,HTTP POST,1674992109702499272,1674992109707646227,5146
1217746ccacf6a040a147ee924c03052,870323c3b51049d0,0f73316343112253,ts-basic-service-5dc8d4f9fd-46997,HTTP POST,1674992109708144018,1674992109714631452,6487
1217746ccacf6a040a147ee924c03052,91d5626ea4d9a5b6,0f73316343112253,ts-basic-service-5dc8d4f9fd-46997,HTTP POST,1674992109715468075,1674992109732755139,17287
1217746ccacf6a040a147ee924c03052,68a3bcd3b8b9d51d,0f73316343112253,ts-basic-service-5dc8d4f9fd-46997,HTTP POST,1674992109733980864,1674992109740513533,6532
1217746ccacf6a040a147ee924c03052,99a340a63fcc3fef,64378a72a19e70cd,ts-station-service-7f4f5f6f77-5qb6j,/api/v1/stationservice/stations/idlist,1674992109704000000,1674992109707228319,3228
1217746ccacf6a040a147ee924c03052,04ebbc0c9ec2eb3e,99a340a63fcc3fef,ts-station-service-7f4f5f6f77-5qb6j,StationController.queryForIdBatch,1674992109704558398,1674992109707050106,2491
1217746ccacf6a040a147ee924c03052,37a8e6a313ff3a67,04ebbc0c9ec2eb3e,ts-station-service-7f4f5f6f77-5qb6j,StationRepository.findByNames,1674992109705204586,1674992109706763840,1559
1217746ccacf6a040a147ee924c03052,7b98b49194967c81,37a8e6a313ff3a67,ts-station-service-7f4f5f6f77-5qb6j,SELECT station,1674992109705337964,1674992109706752630,1414
1217746ccacf6a040a147ee924c03052,ad241f686541ff5b,7b98b49194967c81,ts-station-service-7f4f5f6f77-5qb6j,SELECT ts.station,1674992109706079743,1674992109706682745,603
1217746ccacf6a040a147ee924c03052,7bf0748d22283e2a,870323c3b51049d0,ts-train-service-86f5f97bc9-dkqmf,/api/v1/trainservice/trains/byNames,1674992109710000000,1674992109714819287,4819
1217746ccacf6a040a147ee924c03052,f350aff7d356eb34,7bf0748d22283e2a,ts-train-service-86f5f97bc9-dkqmf,TrainController.retrieveByName,1674992109710775238,1674992109714391841,3616
1217746ccacf6a040a147ee924c03052,d629d3587eecd3bb,f350aff7d356eb34,ts-train-service-86f5f97bc9-dkqmf,TrainTypeRepository.findByNames,1674992109711687435,1674992109713920456,2233
1217746ccacf6a040a147ee924c03052,5a0faf88bd3c7ed9,d629d3587eecd3bb,ts-train-service-86f5f97bc9-dkqmf,SELECT train_type,1674992109711855669,1674992109713897782,2042
1217746ccacf6a040a147ee924c03052,2de707d08af6c1e6,5a0faf88bd3c7ed9,ts-train-service-86f5f97bc9-dkqmf,SELECT ts.train_type,1674992109712879478,1674992109713777767,898
1217746ccacf6a040a147ee924c03052,1ac13d6101e58d57,91d5626ea4d9a5b6,ts-route-service-b6c59fb57-zv8dt,/api/v1/routeservice/routes/byIds/,1674992109717000000,1674992109732264373,15264
1217746ccacf6a040a147ee924c03052,31734744c26673fc,1ac13d6101e58d57,ts-route-service-b6c59fb57-zv8dt,RouteController.queryByIds,1674992109718013779,1674992109731795209,13781
1217746ccacf6a040a147ee924c03052,9bdce723bcaea86f,31734744c26673fc,ts-route-service-b6c59fb57-zv8dt,RouteRepository.findByIds,1674992109719326278,1674992109722071425,2745
1217746ccacf6a040a147ee924c03052,44e781db4fa5721c,9bdce723bcaea86f,ts-route-service-b6c59fb57-zv8dt,SELECT route,1674992109719563226,1674992109722046571,2483
1217746ccacf6a040a147ee924c03052,85b34bfdc755fb8b,44e781db4fa5721c,ts-route-service-b6c59fb57-zv8dt,SELECT ts.route,1674992109720903536,1674992109721758173,854
1217746ccacf6a040a147ee924c03052,887fade3a9b1635b,31734744c26673fc,ts-route-service-b6c59fb57-zv8dt,SELECT ts.route_stations,1674992109722435145,1674992109723316097,880
1217746ccacf6a040a147ee924c03052,19333ba3dfcca30e,31734744c26673fc,ts-route-service-b6c59fb57-zv8dt,SELECT ts.route_distances,1674992109723490630,1674992109724247207,756
1217746ccacf6a040a147ee924c03052,d8911bc84bb92457,31734744c26673fc,ts-route-service-b6c59fb57-zv8dt,SELECT ts.route_stations,1674992109724373396,1674992109725138818,765
1217746ccacf6a040a147ee924c03052,d722e2f61e07a4c6,31734744c26673fc,ts-route-service-b6c59fb57-zv8dt,SELECT ts.route_distances,1674992109725348096,1674992109726091428,743
1217746ccacf6a040a147ee924c03052,533c343bd417f73a,31734744c26673fc,ts-route-service-b6c59fb57-zv8dt,SELECT ts.route_stations,1674992109726217097,1674992109726922723,705
1217746ccacf6a040a147ee924c03052,2eafa05752a1cc0a,31734744c26673fc,ts-route-service-b6c59fb57-zv8dt,SELECT ts.route_distances,1674992109727031323,1674992109727728659,697
1217746ccacf6a040a147ee924c03052,92408442f0bac3b4,31734744c26673fc,ts-route-service-b6c59fb57-zv8dt,SELECT ts.route_stations,1674992109727830410,1674992109728588689,758
1217746ccacf6a040a147ee924c03052,d27563ff1fc96820,31734744c26673fc,ts-route-service-b6c59fb57-zv8dt,SELECT ts.route_distances,1674992109728687665,1674992109729668216,980
1217746ccacf6a040a147ee924c03052,1ecfc55e5cdf4184,31734744c26673fc,ts-route-service-b6c59fb57-zv8dt,SELECT ts.route_stations,1674992109729753562,1674992109730576122,822
1217746ccacf6a040a147ee924c03052,75283bd65222ee90,31734744c26673fc,ts-route-service-b6c59fb57-zv8dt,SELECT ts.route_distances,1674992109730664869,1674992109731477759,812
1217746ccacf6a040a147ee924c03052,63fb1fbc4bdd50ca,68a3bcd3b8b9d51d,ts-price-service-76846864d9-g465z,/api/v1/priceservice/prices/byRouteIdsAndTrainTypes,1674992109736000000,1674992109740861052,4861
1217746ccacf6a040a147ee924c03052,69ea416ee7cb872e,63fb1fbc4bdd50ca,ts-price-service-76846864d9-g465z,PriceController.query,1674992109736761243,1674992109740510366,3749
1217746ccacf6a040a147ee924c03052,e8ec1ded2ed3ebd7,69ea416ee7cb872e,ts-price-service-76846864d9-g465z,PriceConfigRepository.findByRouteIdsAndTrainTypes,1674992109737835468,1674992109740038264,2202
1217746ccacf6a040a147ee924c03052,f6e6752c32fe45dc,e8ec1ded2ed3ebd7,ts-price-service-76846864d9-g465z,SELECT price_config,1674992109738022731,1674992109740016187,1993
1217746ccacf6a040a147ee924c03052,7d9ebbb95b1d7618,f6e6752c32fe45dc,ts-price-service-76846864d9-g465z,SELECT ts.price_config,1674992109739008234,1674992109739843724,835
1217746ccacf6a040a147ee924c03052,ee44fa6f9a23f623,af0d78f6134bd8e6,ts-seat-service-5c95b49cff-tdsdz,/api/v1/seatservice/seats/left_tickets,1674992109746000000,1674992109793226610,47226
1217746ccacf6a040a147ee924c03052,fcd386886c4269d8,e8b9d6949ed491a7,ts-seat-service-5c95b49cff-tdsdz,/api/v1/seatservice/seats/left_tickets,1674992110019000000,1674992110048672758,29672
1217746ccacf6a040a147ee924c03052,4361688c48e0eb8d,786d1ea2e75b054d,ts-seat-service-5c95b49cff-tdsdz,/api/v1/seatservice/seats/left_tickets,1674992110052000000,1674992110080522863,28522
1217746ccacf6a040a147ee924c03052,ba681679b5b0dd6a,d3e9f2b03c224fdb,ts-seat-service-5c95b49cff-tdsdz,/api/v1/seatservice/seats/left_tickets,1674992110083000000,1674992110128238656,45238
1217746ccacf6a040a147ee924c03052,29b503bec5e9398e,4d95d21eefa24a53,ts-seat-service-5c95b49cff-tdsdz,/api/v1/seatservice/seats/left_tickets,1674992110147000000,1674992110176580910,29580
1217746ccacf6a040a147ee924c03052,15e27165c41fcfdc,040d9245a11e8d3a,ts-seat-service-5c95b49cff-tdsdz,/api/v1/seatservice/seats/left_tickets,1674992110179000000,1674992110220655232,41655
1217746ccacf6a040a147ee924c03052,5ee60ffe2564133e,ee44fa6f9a23f623,ts-seat-service-5c95b49cff-tdsdz,SeatController.getLeftTicketOfInterval,1674992109746555217,1674992109793008518,46453
1217746ccacf6a040a147ee924c03052,141abc0409c79096,fcd386886c4269d8,ts-seat-service-5c95b49cff-tdsdz,SeatController.getLeftTicketOfInterval,1674992110019539901,1674992110048457761,28917
1217746ccacf6a040a147ee924c03052,b7d110e353b91988,4361688c48e0eb8d,ts-seat-service-5c95b49cff-tdsdz,SeatController.getLeftTicketOfInterval,1674992110052471787,1674992110080332781,27860
1217746ccacf6a040a147ee924c03052,06e6e141bf4a1896,ba681679b5b0dd6a,ts-seat-service-5c95b49cff-tdsdz,SeatController.getLeftTicketOfInterval,1674992110083455831,1674992110128036888,44581
1217746ccacf6a040a147ee924c03052,d2f231ba2033042b,29b503bec5e9398e,ts-seat-service-5c95b49cff-tdsdz,SeatController.getLeftTicketOfInterval,1674992110147407807,1674992110176363803,28955
1217746ccacf6a040a147ee924c03052,2d9633d282ce2491,15e27165c41fcfdc,ts-seat-service-5c95b49cff-tdsdz,SeatController.getLeftTicketOfInterval,1674992110179406463,1674992110220465647,41059
1217746ccacf6a040a147ee924c03052,6eb1652c5e80f025,5ee60ffe2564133e,ts-seat-service-5c95b49cff-tdsdz,HTTP POST,1674992109748580713,1674992109770982138,22401
1217746ccacf6a040a147ee924c03052,0823460d381d0fdb,5ee60ffe2564133e,ts-seat-service-5c95b49cff-tdsdz,HTTP GET,1674992109772118752,1674992109791928237,19809
1217746ccacf6a040a147ee924c03052,4149eeeaf486b2b5,141abc0409c79096,ts-seat-service-5c95b49cff-tdsdz,HTTP POST,1674992110021353064,1674992110027508863,6155
1217746ccacf6a040a147ee924c03052,9f0c54938534d0d2,141abc0409c79096,ts-seat-service-5c95b49cff-tdsdz,HTTP GET,1674992110028622362,1674992110047348896,18726
1217746ccacf6a040a147ee924c03052,ca2bf97bbb77fbda,b7d110e353b91988,ts-seat-service-5c95b49cff-tdsdz,HTTP POST,1674992110054314833,1674992110059829227,5514
1217746ccacf6a040a147ee924c03052,47b8b9e5986c6980,b7d110e353b91988,ts-seat-service-5c95b49cff-tdsdz,HTTP GET,1674992110060797645,1674992110079329366,18531
1217746ccacf6a040a147ee924c03052,18b62fb51f99f636,06e6e141bf4a1896,ts-seat-service-5c95b49cff-tdsdz,HTTP POST,1674992110085147282,1674992110106732489,21585
1217746ccacf6a040a147ee924c03052,5a5d8a76c0f604eb,06e6e141bf4a1896,ts-seat-service-5c95b49cff-tdsdz,HTTP GET,1674992110107665527,1674992110127082343,19416
1217746ccacf6a040a147ee924c03052,8c70c35be334bbc3,d2f231ba2033042b,ts-seat-service-5c95b49cff-tdsdz,HTTP POST,1674992110149125213,1674992110154763053,5637
1217746ccacf6a040a147ee924c03052,9eed1cb8dbb8e6a3,d2f231ba2033042b,ts-seat-service-5c95b49cff-tdsdz,HTTP GET,1674992110155709658,1674992110175346761,19637
1217746ccacf6a040a147ee924c03052,b8192fedf9e6cbfe,2d9633d282ce2491,ts-seat-service-5c95b49cff-tdsdz,HTTP POST,1674992110181108752,1674992110199115730,18006
1217746ccacf6a040a147ee924c03052,e38b2765a90bc4d8,2d9633d282ce2491,ts-seat-service-5c95b49cff-tdsdz,HTTP GET,1674992110200067409,1674992110219425739,19358
1217746ccacf6a040a147ee924c03052,879096bbb2484d04,6eb1652c5e80f025,ts-order-service-5b67c48447-mv5hb,/api/v1/orderservice/order/tickets,1674992109750000000,1674992109752468613,2468
1217746ccacf6a040a147ee924c03052,b9e94997d88277c4,4149eeeaf486b2b5,ts-order-service-5b67c48447-mv5hb,/api/v1/orderservice/order/tickets,1674992110023000000,1674992110026022533,3022
1217746ccacf6a040a147ee924c03052,bfc4a59370874eb6,ca2bf97bbb77fbda,ts-order-service-5b67c48447-mv5hb,/api/v1/orderservice/order/tickets,1674992110055000000,1674992110057777921,2777
1217746ccacf6a040a147ee924c03052,74191789ec95358f,18b62fb51f99f636,ts-order-service-5b67c48447-mv5hb,/api/v1/orderservice/order/tickets,1674992110087000000,1674992110090184508,3184
1217746ccacf6a040a147ee924c03052,2b58d2f064851c60,8c70c35be334bbc3,ts-order-service-5b67c48447-mv5hb,/api/v1/orderservice/order/tickets,1674992110150000000,1674992110152681299,2681
1217746ccacf6a040a147ee924c03052,38fc02b248f29b20,b8192fedf9e6cbfe,ts-order-service-5b67c48447-mv5hb,/api/v1/orderservice/order/tickets,1674992110182000000,1674992110184556431,2556
1217746ccacf6a040a147ee924c03052,7d2fc7e4c8edff7d,879096bbb2484d04,ts-order-service-5b67c48447-mv5hb,OrderController.getTicketListByDateAndTripId,1674992109750348060,1674992109752352526,2004
1217746ccacf6a040a147ee924c03052,c29303111b8af798,b9e94997d88277c4,ts-order-service-5b67c48447-mv5hb,OrderController.getTicketListByDateAndTripId,1674992110023375012,1674992110025861763,2486
1217746ccacf6a040a147ee924c03052,5d8d1f67514b3a53,bfc4a59370874eb6,ts-order-service-5b67c48447-mv5hb,OrderController.getTicketListByDateAndTripId,1674992110055334332,1674992110057614932,2280
1217746ccacf6a040a147ee924c03052,d07344ed3e8c5022,74191789ec95358f,ts-order-service-5b67c48447-mv5hb,OrderController.getTicketListByDateAndTripId,1674992110087361256,1674992110090059180,2697
1217746ccacf6a040a147ee924c03052,2f7d001103aabb0b,2b58d2f064851c60,ts-order-service-5b67c48447-mv5hb,OrderController.getTicketListByDateAndTripId,1674992110150344815,1674992110152539023,2194
1217746ccacf6a040a147ee924c03052,3406f2a4eef6e9d3,38fc02b248f29b20,ts-order-service-5b67c48447-mv5hb,OrderController.getTicketListByDateAndTripId,1674992110182378407,1674992110184435887,2057
1217746ccacf6a040a147ee924c03052,80f08b6a63b1d308,7d2fc7e4c8edff7d,ts-order-service-5b67c48447-mv5hb,OrderRepository.findByTravelDateAndTrainNumber,1674992109750861031,1674992109751919391,1058
1217746ccacf6a040a147ee924c03052,d9a55a8475ef7d5c,c29303111b8af798,ts-order-service-5b67c48447-mv5hb,OrderRepository.findByTravelDateAndTrainNumber,1674992110023883338,1674992110025189977,1306
1217746ccacf6a040a147ee924c03052,54099811a3d229f1,5d8d1f67514b3a53,ts-order-service-5b67c48447-mv5hb,OrderRepository.findByTravelDateAndTrainNumber,1674992110055834229,1674992110057045795,1211
1217746ccacf6a040a147ee924c03052,49cb78b3cf55443b,d07344ed3e8c5022,ts-order-service-5b67c48447-mv5hb,OrderRepository.findByTravelDateAndTrainNumber,1674992110087885619,1674992110089560373,1674
1217746ccacf6a040a147ee924c03052,d84015a375748772,2f7d001103aabb0b,ts-order-service-5b67c48447-mv5hb,OrderRepository.findByTravelDateAndTrainNumber,1674992110150833827,1674992110152048138,1214
1217746ccacf6a040a147ee924c03052,29400f3f885b2150,3406f2a4eef6e9d3,ts-order-service-5b67c48447-mv5hb,OrderRepository.findByTravelDateAndTrainNumber,1674992110182859652,1674992110183987462,1127
1217746ccacf6a040a147ee924c03052,b91e3d38a52c8919,80f08b6a63b1d308,ts-order-service-5b67c48447-mv5hb,SELECT Order,1674992109750929748,1674992109751911795,982
1217746ccacf6a040a147ee924c03052,7b60de9a2b8e82dd,d9a55a8475ef7d5c,ts-order-service-5b67c48447-mv5hb,SELECT Order,1674992110023944282,1674992110025178870,1234
1217746ccacf6a040a147ee924c03052,0bfa6767c41e083d,54099811a3d229f1,ts-order-service-5b67c48447-mv5hb,SELECT Order,1674992110055886651,1674992110057034008,1147
1217746ccacf6a040a147ee924c03052,4466ddff15c3e66c,49cb78b3cf55443b,ts-order-service-5b67c48447-mv5hb,SELECT Order,1674992110087967762,1674992110089550617,1582
1217746ccacf6a040a147ee924c03052,48b4a690b64035f7,d84015a375748772,ts-order-service-5b67c48447-mv5hb,SELECT Order,1674992110150891224,1674992110152035932,1144
1217746ccacf6a040a147ee924c03052,652cd2f454a27de7,29400f3f885b2150,ts-order-service-5b67c48447-mv5hb,SELECT Order,1674992110182921145,1674992110183976868,1055
1217746ccacf6a040a147ee924c03052,52a76a6bdde09894,b91e3d38a52c8919,ts-order-service-5b67c48447-mv5hb,SELECT ts.orders,1674992109751003205,1674992109751899949,896
1217746ccacf6a040a147ee924c03052,f8c81ac152274d74,7b60de9a2b8e82dd,ts-order-service-5b67c48447-mv5hb,SELECT ts.orders,1674992110024020889,1674992110025155552,1134
1217746ccacf6a040a147ee924c03052,3725ac560c9ed1b0,0bfa6767c41e083d,ts-order-service-5b67c48447-mv5hb,SELECT ts.orders,1674992110055963923,1674992110057013400,1049
1217746ccacf6a040a147ee924c03052,f8771a792bc65d98,4466ddff15c3e66c,ts-order-service-5b67c48447-mv5hb,SELECT ts.orders,1674992110088660423,1674992110089536384,875
1217746ccacf6a040a147ee924c03052,1be0bb6e4bf10888,48b4a690b64035f7,ts-order-service-5b67c48447-mv5hb,SELECT ts.orders,1674992110150965973,1674992110152018644,1052
1217746ccacf6a040a147ee924c03052,f9eae8f198491720,652cd2f454a27de7,ts-order-service-5b67c48447-mv5hb,SELECT ts.orders,1674992110182995547,1674992110183960774,965
1217746ccacf6a040a147ee924c03052,a24108657dc787f9,0823460d381d0fdb,ts-config-service-5fcd447d84-wxwjd,/api/v1/configservice/configs/{configName},1674992109773000000,1674992109775419220,2419
1217746ccacf6a040a147ee924c03052,4509902600840457,9f0c54938534d0d2,ts-config-service-5fcd447d84-wxwjd,/api/v1/configservice/configs/{configName},1674992110030000000,1674992110032434783,2434
1217746ccacf6a040a147ee924c03052,da01f4051cbc8819,47b8b9e5986c6980,ts-config-service-5fcd447d84-wxwjd,/api/v1/configservice/configs/{configName},1674992110061000000,1674992110062653643,1653
1217746ccacf6a040a147ee924c03052,2f57eb5d4a07e6ee,5a5d8a76c0f604eb,ts-config-service-5fcd447d84-wxwjd,/api/v1/configservice/configs/{configName},1674992110109000000,1674992110110465382,1465
1217746ccacf6a040a147ee924c03052,1d0f631690c3a68b,9eed1cb8dbb8e6a3,ts-config-service-5fcd447d84-wxwjd,/api/v1/configservice/configs/{configName},1674992110156000000,1674992110157514285,1514
1217746ccacf6a040a147ee924c03052,f1e366a2c86f3501,e38b2765a90bc4d8,ts-config-service-5fcd447d84-wxwjd,/api/v1/configservice/configs/{configName},1674992110201000000,1674992110202527756,1527
1217746ccacf6a040a147ee924c03052,177733996932bd96,a24108657dc787f9,ts-config-service-5fcd447d84-wxwjd,ConfigController.retrieve,1674992109773499667,1674992109775240259,1740
1217746ccacf6a040a147ee924c03052,efa34c201ef157a4,4509902600840457,ts-config-service-5fcd447d84-wxwjd,ConfigController.retrieve,1674992110030417976,1674992110032291017,1873
1217746ccacf6a040a147ee924c03052,d7f8288ed9be0473,da01f4051cbc8819,ts-config-service-5fcd447d84-wxwjd,ConfigController.retrieve,1674992110061262936,1674992110062563570,1300
1217746ccacf6a040a147ee924c03052,d4a22a2e06435698,2f57eb5d4a07e6ee,ts-config-service-5fcd447d84-wxwjd,ConfigController.retrieve,1674992110109191086,1674992110110369716,1178
1217746ccacf6a040a147ee924c03052,a7abdd6f32ebbff7,1d0f631690c3a68b,ts-config-service-5fcd447d84-wxwjd,ConfigController.retrieve,1674992110156249375,1674992110157425021,1175
1217746ccacf6a040a147ee924c03052,d878c1b21b8795ed,f1e366a2c86f3501,ts-config-service-5fcd447d84-wxwjd,ConfigController.retrieve,1674992110201221290,1674992110202441778,1220
1217746ccacf6a040a147ee924c03052,928bab298e0c2e25,177733996932bd96,ts-config-service-5fcd447d84-wxwjd,ConfigRepository.findByName,1674992109774002511,1674992109774754461,751
1217746ccacf6a040a147ee924c03052,c12af9abb42db031,efa34c201ef157a4,ts-config-service-5fcd447d84-wxwjd,ConfigRepository.findByName,1674992110030805646,1674992110031800421,994
1217746ccacf6a040a147ee924c03052,360f6ef22c8852bb,d7f8288ed9be0473,ts-config-service-5fcd447d84-wxwjd,ConfigRepository.findByName,1674992110061531954,1674992110062210997,679
1217746ccacf6a040a147ee924c03052,612963ecd569fef1,d4a22a2e06435698,ts-config-service-5fcd447d84-wxwjd,ConfigRepository.findByName,1674992110109405082,1674992110110011319,606
1217746ccacf6a040a147ee924c03052,83465b97e28db53b,a7abdd6f32ebbff7,ts-config-service-5fcd447d84-wxwjd,ConfigRepository.findByName,1674992110156507424,1674992110157062438,555
1217746ccacf6a040a147ee924c03052,a8693907cde2dd73,d878c1b21b8795ed,ts-config-service-5fcd447d84-wxwjd,ConfigRepository.findByName,1674992110201482814,1674992110202090913,608
1217746ccacf6a040a147ee924c03052,c722d009dcffc846,928bab298e0c2e25,ts-config-service-5fcd447d84-wxwjd,SELECT Config,1674992109774083073,1674992109774750248,667
1217746ccacf6a040a147ee924c03052,6b2f1e7eb101734c,c12af9abb42db031,ts-config-service-5fcd447d84-wxwjd,SELECT Config,1674992110030871748,1674992110031795901,924
1217746ccacf6a040a147ee924c03052,4692d29278be96d1,360f6ef22c8852bb,ts-config-service-5fcd447d84-wxwjd,SELECT Config,1674992110061576731,1674992110062207905,631
1217746ccacf6a040a147ee924c03052,8caca0fa03ea099f,612963ecd569fef1,ts-config-service-5fcd447d84-wxwjd,SELECT Config,1674992110109437045,1674992110110008365,571
1217746ccacf6a040a147ee924c03052,cb024deb7e9ddc1f,83465b97e28db53b,ts-config-service-5fcd447d84-wxwjd,SELECT Config,1674992110156549469,1674992110157059973,510
1217746ccacf6a040a147ee924c03052,46742535f60101a1,a8693907cde2dd73,ts-config-service-5fcd447d84-wxwjd,SELECT Config,1674992110201525787,1674992110202088306,562
1217746ccacf6a040a147ee924c03052,5141dd842821c4e1,c722d009dcffc846,ts-config-service-5fcd447d84-wxwjd,SELECT ts.config,1674992109774152772,1674992109774704277,551
1217746ccacf6a040a147ee924c03052,ffd3df9929d4d875,6b2f1e7eb101734c,ts-config-service-5fcd447d84-wxwjd,SELECT ts.config,1674992110031369340,1674992110031744949,375
1217746ccacf6a040a147ee924c03052,bc2570203d06dfe5,4692d29278be96d1,ts-config-service-5fcd447d84-wxwjd,SELECT ts.config,1674992110061626775,1674992110062176760,549
1217746ccacf6a040a147ee924c03052,9fc4aad9c50fe926,8caca0fa03ea099f,ts-config-service-5fcd447d84-wxwjd,SELECT ts.config,1674992110109475511,1674992110109980995,505
1217746ccacf6a040a147ee924c03052,5f213819dc522055,cb024deb7e9ddc1f,ts-config-service-5fcd447d84-wxwjd,SELECT ts.config,1674992110156597283,1674992110157033112,435
1217746ccacf6a040a147ee924c03052,01766fb7041ce619,46742535f60101a1,ts-config-service-5fcd447d84-wxwjd,SELECT ts.config,1674992110201564794,1674992110202056557,491
1893bfe1b32cdc865da18e575b6bccd0,ad3cd5f089e0be57,root,ts-gateway-service-6f6cfc45b-h5m2n,/*,1674992116057000000,1674992117079521031,1022521
1893bfe1b32cdc865da18e575b6bccd0,af59a61bf6f5764e,ad3cd5f089e0be57,ts-gateway-service-6f6cfc45b-h5m2n,FilteringWebHandler.handle,1674992116057845286,1674992117079304289,1021459
1893bfe1b32cdc865da18e575b6bccd0,3689590295cf3b32,ad3cd5f089e0be57,ts-gateway-service-6f6cfc45b-h5m2n,HTTP POST,1674992116058819281,1674992117079478041,1020658
1893bfe1b32cdc865da18e575b6bccd0,ca32deea799eb194,3689590295cf3b32,ts-travel-service-64469b5b48-25zj6,/api/v1/travelservice/trips/left,1674992116060000000,1674992117076891502,1016891
1893bfe1b32cdc865da18e575b6bccd0,4492810e80f8b5fe,ca32deea799eb194,ts-travel-service-64469b5b48-25zj6,TravelController.queryInfo,1674992116061228155,1674992117076425081,1015196
1893bfe1b32cdc865da18e575b6bccd0,f9d2657d5f5de14d,4492810e80f8b5fe,ts-travel-service-64469b5b48-25zj6,TripRepository.findAll,1674992116062073349,1674992116064703398,2630
1893bfe1b32cdc865da18e575b6bccd0,884da5eec7d2d7c2,f9d2657d5f5de14d,ts-travel-service-64469b5b48-25zj6,SELECT Trip,1674992116063331296,1674992116064132794,801
1893bfe1b32cdc865da18e575b6bccd0,eff024adcb7d11a3,f9d2657d5f5de14d,ts-travel-service-64469b5b48-25zj6,Transaction.commit,1674992116064158189,1674992116064533596,375
1893bfe1b32cdc865da18e575b6bccd0,e8520cb1b61c3cec,884da5eec7d2d7c2,ts-travel-service-64469b5b48-25zj6,SELECT ts.trip,1674992116063555834,1674992116063982446,426
1893bfe1b32cdc865da18e575b6bccd0,c39a27b29b1d5835,4492810e80f8b5fe,ts-travel-service-64469b5b48-25zj6,HTTP POST,1674992116065820468,1674992116567373233,501552
1893bfe1b32cdc865da18e575b6bccd0,ae0a17e66fa1ef33,4492810e80f8b5fe,ts-travel-service-64469b5b48-25zj6,HTTP POST,1674992116568750798,1674992117043254576,474503
1893bfe1b32cdc865da18e575b6bccd0,2bbe25a67d000638,4492810e80f8b5fe,ts-travel-service-64469b5b48-25zj6,HTTP POST,1674992117044189274,1674992117075429624,31240
1893bfe1b32cdc865da18e575b6bccd0,1e7c697a13dd5f75,c39a27b29b1d5835,ts-basic-service-5dc8d4f9fd-46997,/api/v1/basicservice/basic/travels,1674992116068000000,1674992116566563892,498563
1893bfe1b32cdc865da18e575b6bccd0,6c9d25115c5ee932,1e7c697a13dd5f75,ts-basic-service-5dc8d4f9fd-46997,BasicController.queryForTravels,1674992116068643141,1674992116566325590,497682
1893bfe1b32cdc865da18e575b6bccd0,b895799812916bc2,6c9d25115c5ee932,ts-basic-service-5dc8d4f9fd-46997,HTTP POST,1674992116069952678,1674992116076159927,6207
1893bfe1b32cdc865da18e575b6bccd0,acb5230a72305b3f,6c9d25115c5ee932,ts-basic-service-5dc8d4f9fd-46997,HTTP POST,1674992116076823483,1674992116309762651,232939
1893bfe1b32cdc865da18e575b6bccd0,7ef75871a0e38131,6c9d25115c5ee932,ts-basic-service-5dc8d4f9fd-46997,HTTP POST,1674992116310895594,1674992116553593432,242697
1893bfe1b32cdc865da18e575b6bccd0,8e0ed4be5fcec0b1,6c9d25115c5ee932,ts-basic-service-5dc8d4f9fd-46997,HTTP POST,1674992116555377270,1674992116564881857,9504
1893bfe1b32cdc865da18e575b6bccd0,6b5697d55659b33d,b895799812916bc2,ts-station-service-7f4f5f6f77-5qb6j,/api/v1/stationservice/stations/idlist,1674992116073000000,1674992116076480256,3480
1893bfe1b32cdc865da18e575b6bccd0,1a56b2b200f23232,6b5697d55659b33d,ts-station-service-7f4f5f6f77-5qb6j,StationController.queryForIdBatch,1674992116073736396,1674992116076277288,2540
1893bfe1b32cdc865da18e575b6bccd0,ad341debd206be6f,1a56b2b200f23232,ts-station-service-7f4f5f6f77-5qb6j,StationRepository.findByNames,1674992116074470316,1674992116075990357,1520
1893bfe1b32cdc865da18e575b6bccd0,443f718e57d91f4a,ad341debd206be6f,ts-station-service-7f4f5f6f77-5qb6j,SELECT station,1674992116074627206,1674992116075967372,1340
1893bfe1b32cdc865da18e575b6bccd0,24df8d1cadb78b8c,443f718e57d91f4a,ts-station-service-7f4f5f6f77-5qb6j,SELECT ts.station,1674992116075319552,1674992116075901448,581
1893bfe1b32cdc865da18e575b6bccd0,774ff70257d98e35,acb5230a72305b3f,ts-train-service-86f5f97bc9-dkqmf,/api/v1/trainservice/trains/byNames,1674992116304000000,1674992116310162595,6162
1893bfe1b32cdc865da18e575b6bccd0,6e7901b3d71c669f,774ff70257d98e35,ts-train-service-86f5f97bc9-dkqmf,TrainController.retrieveByName,1674992116305678932,1674992116309729832,4050
1893bfe1b32cdc865da18e575b6bccd0,6c96ab26205398af,6e7901b3d71c669f,ts-train-service-86f5f97bc9-dkqmf,TrainTypeRepository.findByNames,1674992116306780628,1674992116309105489,2324
1893bfe1b32cdc865da18e575b6bccd0,819a278fb2ba256f,6c96ab26205398af,ts-train-service-86f5f97bc9-dkqmf,SELECT train_type,1674992116306982014,1674992116309082917,2100
1893bfe1b32cdc865da18e575b6bccd0,a3af680a2fb40245,819a278fb2ba256f,ts-train-service-86f5f97bc9-dkqmf,SELECT ts.train_type,1674992116308068751,1674992116308954889,886
1893bfe1b32cdc865da18e575b6bccd0,0cec6fed990fc844,7ef75871a0e38131,ts-route-service-b6c59fb57-zv8dt,/api/v1/routeservice/routes/byIds/,1674992116539000000,1674992116553492252,14492
1893bfe1b32cdc865da18e575b6bccd0,e1eccf4ac9ad1ec2,0cec6fed990fc844,ts-route-service-b6c59fb57-zv8dt,RouteController.queryByIds,1674992116540248427,1674992116553009206,12760
1893bfe1b32cdc865da18e575b6bccd0,a4202f748b0c3300,e1eccf4ac9ad1ec2,ts-route-service-b6c59fb57-zv8dt,RouteRepository.findByIds,1674992116541609551,1674992116544370260,2760
1893bfe1b32cdc865da18e575b6bccd0,457bfdec9c4d0795,a4202f748b0c3300,ts-route-service-b6c59fb57-zv8dt,SELECT route,1674992116541938962,1674992116544350289,2411
1893bfe1b32cdc865da18e575b6bccd0,7e033f51f5022e7a,457bfdec9c4d0795,ts-route-service-b6c59fb57-zv8dt,SELECT ts.route,1674992116543200384,1674992116544099403,899
1893bfe1b32cdc865da18e575b6bccd0,9066c47c12b3cffa,e1eccf4ac9ad1ec2,ts-route-service-b6c59fb57-zv8dt,SELECT ts.route_stations,1674992116544738367,1674992116545558440,820
1893bfe1b32cdc865da18e575b6bccd0,cea3fd09313f1d5b,e1eccf4ac9ad1ec2,ts-route-service-b6c59fb57-zv8dt,SELECT ts.route_distances,1674992116545740213,1674992116546464701,724
1893bfe1b32cdc865da18e575b6bccd0,6bf682bbfb10bdaa,e1eccf4ac9ad1ec2,ts-route-service-b6c59fb57-zv8dt,SELECT ts.route_stations,1674992116546585615,1674992116547276378,690
1893bfe1b32cdc865da18e575b6bccd0,98b68798483b0839,e1eccf4ac9ad1ec2,ts-route-service-b6c59fb57-zv8dt,SELECT ts.route_distances,1674992116547384738,1674992116548087208,702
1893bfe1b32cdc865da18e575b6bccd0,2d0285ac07315d22,e1eccf4ac9ad1ec2,ts-route-service-b6c59fb57-zv8dt,SELECT ts.route_stations,1674992116548185235,1674992116548838144,652
1893bfe1b32cdc865da18e575b6bccd0,761703b99db8e58f,e1eccf4ac9ad1ec2,ts-route-service-b6c59fb57-zv8dt,SELECT ts.route_distances,1674992116548927178,1674992116549588949,661
1893bfe1b32cdc865da18e575b6bccd0,88b866797f9ceb10,e1eccf4ac9ad1ec2,ts-route-service-b6c59fb57-zv8dt,SELECT ts.route_stations,1674992116549688912,1674992116550355625,666
1893bfe1b32cdc865da18e575b6bccd0,07dda0f8a1cbc270,e1eccf4ac9ad1ec2,ts-route-service-b6c59fb57-zv8dt,SELECT ts.route_distances,1674992116550447389,1674992116551087466,640
1893bfe1b32cdc865da18e575b6bccd0,4368d68783de5f9c,e1eccf4ac9ad1ec2,ts-route-service-b6c59fb57-zv8dt,SELECT ts.route_stations,1674992116551201048,1674992116551874597,673
1893bfe1b32cdc865da18e575b6bccd0,9887d8eaad410048,e1eccf4ac9ad1ec2,ts-route-service-b6c59fb57-zv8dt,SELECT ts.route_distances,1674992116551974142,1674992116552635887,661
1893bfe1b32cdc865da18e575b6bccd0,48d1b381733b70a6,8e0ed4be5fcec0b1,ts-price-service-76846864d9-g465z,/api/v1/priceservice/prices/byRouteIdsAndTrainTypes,1674992116559000000,1674992116564669895,5669
1893bfe1b32cdc865da18e575b6bccd0,ae2f033fc5754cfc,48d1b381733b70a6,ts-price-service-76846864d9-g465z,PriceController.query,1674992116560108511,1674992116564180846,4072
1893bfe1b32cdc865da18e575b6bccd0,413b28a558633a30,ae2f033fc5754cfc,ts-price-service-76846864d9-g465z,PriceConfigRepository.findByRouteIdsAndTrainTypes,1674992116561372297,1674992116563574634,2202
1893bfe1b32cdc865da18e575b6bccd0,4ceea09dc68c2b76,413b28a558633a30,ts-price-service-76846864d9-g465z,SELECT price_config,1674992116561566683,1674992116563555338,1988
1893bfe1b32cdc865da18e575b6bccd0,185e3add616c8153,4ceea09dc68c2b76,ts-price-service-76846864d9-g465z,SELECT ts.price_config,1674992116562651246,1674992116563381894,730
1893bfe1b32cdc865da18e575b6bccd0,cda2c9f40865cc48,ae0a17e66fa1ef33,ts-seat-service-5c95b49cff-tdsdz,/api/v1/seatservice/seats/left_tickets,1674992116572000000,1674992117041098947,469098
1893bfe1b32cdc865da18e575b6bccd0,52053d6ff4b37c9f,2bbe25a67d000638,ts-seat-service-5c95b49cff-tdsdz,/api/v1/seatservice/seats/left_tickets,1674992117059000000,1674992117074794587,15794
1893bfe1b32cdc865da18e575b6bccd0,62640d9e2b03a048,cda2c9f40865cc48,ts-seat-service-5c95b49cff-tdsdz,SeatController.getLeftTicketOfInterval,1674992116572750330,1674992117040800774,468050
1893bfe1b32cdc865da18e575b6bccd0,a2c3cd7f5b53cf64,52053d6ff4b37c9f,ts-seat-service-5c95b49cff-tdsdz,SeatController.getLeftTicketOfInterval,1674992117059588231,1674992117074567887,14979
1893bfe1b32cdc865da18e575b6bccd0,a75b178d3ad6da68,62640d9e2b03a048,ts-seat-service-5c95b49cff-tdsdz,HTTP POST,1674992116575230976,1674992116806906291,231675
1893bfe1b32cdc865da18e575b6bccd0,ca9f82d25ad27b5b,62640d9e2b03a048,ts-seat-service-5c95b49cff-tdsdz,HTTP GET,1674992116808371576,1674992117039232345,230860
1893bfe1b32cdc865da18e575b6bccd0,328f22c0d5e443de,a2c3cd7f5b53cf64,ts-seat-service-5c95b49cff-tdsdz,HTTP POST,1674992117061713215,1674992117067538905,5825
1893bfe1b32cdc865da18e575b6bccd0,702db1661e71393a,a2c3cd7f5b53cf64,ts-seat-service-5c95b49cff-tdsdz,HTTP GET,1674992117068680408,1674992117073401299,4720
1893bfe1b32cdc865da18e575b6bccd0,d321c9be947c9434,a75b178d3ad6da68,ts-order-service-5b67c48447-mv5hb,/api/v1/orderservice/order/tickets,1674992116579000000,1674992116582304369,3304
1893bfe1b32cdc865da18e575b6bccd0,83bb7ce52129a1c6,328f22c0d5e443de,ts-order-service-5b67c48447-mv5hb,/api/v1/orderservice/order/tickets,1674992117063000000,1674992117065892784,2892
1893bfe1b32cdc865da18e575b6bccd0,6fc2ef27c8847069,d321c9be947c9434,ts-order-service-5b67c48447-mv5hb,OrderController.getTicketListByDateAndTripId,1674992116579444873,1674992116582182126,2737
1893bfe1b32cdc865da18e575b6bccd0,68a9b4712a8ca793,83bb7ce52129a1c6,ts-order-service-5b67c48447-mv5hb,OrderController.getTicketListByDateAndTripId,1674992117063343615,1674992117065778866,2435
1893bfe1b32cdc865da18e575b6bccd0,2e3122921fa9a083,6fc2ef27c8847069,ts-order-service-5b67c48447-mv5hb,OrderRepository.findByTravelDateAndTrainNumber,1674992116580046974,1674992116581695171,1648
1893bfe1b32cdc865da18e575b6bccd0,600f8308fb720a39,68a9b4712a8ca793,ts-order-service-5b67c48447-mv5hb,OrderRepository.findByTravelDateAndTrainNumber,1674992117063826784,1674992117065361944,1535
1893bfe1b32cdc865da18e575b6bccd0,b916bfa314f622c4,2e3122921fa9a083,ts-order-service-5b67c48447-mv5hb,SELECT Order,1674992116580117120,1674992116581684587,1567
1893bfe1b32cdc865da18e575b6bccd0,90d43a8c9345bbef,600f8308fb720a39,ts-order-service-5b67c48447-mv5hb,SELECT Order,1674992117063885963,1674992117065353025,1467
1893bfe1b32cdc865da18e575b6bccd0,6cde43a31c50e8ce,b916bfa314f622c4,ts-order-service-5b67c48447-mv5hb,SELECT ts.orders,1674992116580720337,1674992116581671643,951
1893bfe1b32cdc865da18e575b6bccd0,80d231df771b2bb7,90d43a8c9345bbef,ts-order-service-5b67c48447-mv5hb,SELECT ts.orders,1674992117064488075,1674992117065341088,853
1893bfe1b32cdc865da18e575b6bccd0,bbeb75fb50b57303,ca9f82d25ad27b5b,ts-config-service-5fcd447d84-wxwjd,/api/v1/configservice/configs/{configName},1674992116812000000,1674992116814477808,2477
1893bfe1b32cdc865da18e575b6bccd0,c0be3ea4b2f101e3,702db1661e71393a,ts-config-service-5fcd447d84-wxwjd,/api/v1/configservice/configs/{configName},1674992117070000000,1674992117072035395,2035
1893bfe1b32cdc865da18e575b6bccd0,b742a6ce00168a21,bbeb75fb50b57303,ts-config-service-5fcd447d84-wxwjd,ConfigController.retrieve,1674992116812390749,1674992116814360597,1969
1893bfe1b32cdc865da18e575b6bccd0,e5e39a8096c56a5c,c0be3ea4b2f101e3,ts-config-service-5fcd447d84-wxwjd,ConfigController.retrieve,1674992117070382221,1674992117071909805,1527
1893bfe1b32cdc865da18e575b6bccd0,9470e7aea0ab3f34,b742a6ce00168a21,ts-config-service-5fcd447d84-wxwjd,ConfigRepository.findByName,1674992116812794243,1674992116813913968,1119
1893bfe1b32cdc865da18e575b6bccd0,42b8f2a9342ec221,e5e39a8096c56a5c,ts-config-service-5fcd447d84-wxwjd,ConfigRepository.findByName,1674992117070774676,1674992117071488862,714
1893bfe1b32cdc865da18e575b6bccd0,de660a521f6112eb,9470e7aea0ab3f34,ts-config-service-5fcd447d84-wxwjd,SELECT Config,1674992116812866072,1674992116813910318,1044
1893bfe1b32cdc865da18e575b6bccd0,4289cd9b9d9bee51,42b8f2a9342ec221,ts-config-service-5fcd447d84-wxwjd,SELECT Config,1674992117070848246,1674992117071484692,636
1893bfe1b32cdc865da18e575b6bccd0,bf000c6f390e009d,de660a521f6112eb,ts-config-service-5fcd447d84-wxwjd,SELECT ts.config,1674992116813410162,1674992116813855744,445
1893bfe1b32cdc865da18e575b6bccd0,654c647ef02fa259,4289cd9b9d9bee51,ts-config-service-5fcd447d84-wxwjd,SELECT ts.config,1674992117070920955,1674992117071436314,515
a26d7d8b88c30a23aec3e2b925321d5b,2ba7c7de0f573bf4,root,ts-gateway-service-6f6cfc45b-h5m2n,/*,1674992160886000000,1674992161238567703,352567
a26d7d8b88c30a23aec3e2b925321d5b,1f4832185f628e6e,2ba7c7de0f573bf4,ts-gateway-service-6f6cfc45b-h5m2n,FilteringWebHandler.handle,1674992160886784193,1674992161238356107,351571
a26d7d8b88c30a23aec3e2b925321d5b,2c9432bf94700914,2ba7c7de0f573bf4,ts-gateway-service-6f6cfc45b-h5m2n,HTTP POST,1674992160887724887,1674992161238518301,350793
a26d7d8b88c30a23aec3e2b925321d5b,ed2acfc5c51ed9f0,2c9432bf94700914,ts-travel2-service-5c66d57d58-6mp2b,/api/v1/travel2service/trips/left,1674992160890000000,1674992161237024880,347024
a26d7d8b88c30a23aec3e2b925321d5b,7804ff20e10d8205,ed2acfc5c51ed9f0,ts-travel2-service-5c66d57d58-6mp2b,Travel2Controller.queryInfo,1674992160891385082,1674992161236563428,345178
a26d7d8b88c30a23aec3e2b925321d5b,2c310dc0f88bda6e,7804ff20e10d8205,ts-travel2-service-5c66d57d58-6mp2b,TripRepository.findAll,1674992160892317086,1674992160896161658,3844
a26d7d8b88c30a23aec3e2b925321d5b,251c5592412b6edb,2c310dc0f88bda6e,ts-travel2-service-5c66d57d58-6mp2b,SELECT Trip,1674992160894059092,1674992160895059626,1000
a26d7d8b88c30a23aec3e2b925321d5b,8227edb55a274a83,2c310dc0f88bda6e,ts-travel2-service-5c66d57d58-6mp2b,Transaction.commit,1674992160895099465,1674992160895809163,709
a26d7d8b88c30a23aec3e2b925321d5b,7528dbd649d98182,251c5592412b6edb,ts-travel2-service-5c66d57d58-6mp2b,SELECT ts.trip2,1674992160894273867,1674992160894919035,645
a26d7d8b88c30a23aec3e2b925321d5b,4d1c86e8cede2778,7804ff20e10d8205,ts-travel2-service-5c66d57d58-6mp2b,HTTP POST,1674992160896828759,1674992161175201233,278372
a26d7d8b88c30a23aec3e2b925321d5b,95abc576370d748f,7804ff20e10d8205,ts-travel2-service-5c66d57d58-6mp2b,HTTP POST,1674992161176777697,1674992161200330589,23552
a26d7d8b88c30a23aec3e2b925321d5b,e7ae28cc83650b88,7804ff20e10d8205,ts-travel2-service-5c66d57d58-6mp2b,HTTP POST,1674992161201163407,1674992161235244710,34081
a26d7d8b88c30a23aec3e2b925321d5b,2eb26f7b12183002,4d1c86e8cede2778,ts-basic-service-5dc8d4f9fd-46997,/api/v1/basicservice/basic/travels,1674992160899000000,1674992161174006249,275006
a26d7d8b88c30a23aec3e2b925321d5b,33044aa8db86271f,2eb26f7b12183002,ts-basic-service-5dc8d4f9fd-46997,BasicController.queryForTravels,1674992160899477589,1674992161173819661,274342
a26d7d8b88c30a23aec3e2b925321d5b,8e6a897e8ee3961a,33044aa8db86271f,ts-basic-service-5dc8d4f9fd-46997,HTTP POST,1674992160900649480,1674992160906572630,5923
a26d7d8b88c30a23aec3e2b925321d5b,4cd53ed7bd86d3f6,33044aa8db86271f,ts-basic-service-5dc8d4f9fd-46997,HTTP POST,1674992160907042145,1674992161144162158,237120
a26d7d8b88c30a23aec3e2b925321d5b,06eb3c7c6ad35816,33044aa8db86271f,ts-basic-service-5dc8d4f9fd-46997,HTTP POST,1674992161145169677,1674992161163151987,17982
a26d7d8b88c30a23aec3e2b925321d5b,f1ef3bdf3bf215c3,33044aa8db86271f,ts-basic-service-5dc8d4f9fd-46997,HTTP POST,1674992161164769263,1674992161172639454,7870
a26d7d8b88c30a23aec3e2b925321d5b,fcbc11872a123d71,8e6a897e8ee3961a,ts-station-service-7f4f5f6f77-5qb6j,/api/v1/stationservice/stations/idlist,1674992160903000000,1674992160906148062,3148
a26d7d8b88c30a23aec3e2b925321d5b,e2e709e377676476,fcbc11872a123d71,ts-station-service-7f4f5f6f77-5qb6j,StationController.queryForIdBatch,1674992160903566536,1674992160905987451,2420
a26d7d8b88c30a23aec3e2b925321d5b,98b9668db802bcb5,e2e709e377676476,ts-station-service-7f4f5f6f77-5qb6j,StationRepository.findByNames,1674992160904257510,1674992160905748351,1490
a26d7d8b88c30a23aec3e2b925321d5b,a05f76e4ccd28c12,98b9668db802bcb5,ts-station-service-7f4f5f6f77-5qb6j,SELECT station,1674992160904384654,1674992160905732732,1348
a26d7d8b88c30a23aec3e2b925321d5b,25b6f5318b6b0afc,a05f76e4ccd28c12,ts-station-service-7f4f5f6f77-5qb6j,SELECT ts.station,1674992160905008349,1674992160905657655,649
a26d7d8b88c30a23aec3e2b925321d5b,08ce487bd7a6ce04,4cd53ed7bd86d3f6,ts-train-service-86f5f97bc9-dkqmf,/api/v1/trainservice/trains/byNames,1674992161139000000,1674992161143983654,4983
a26d7d8b88c30a23aec3e2b925321d5b,10dc0b41d05a9656,08ce487bd7a6ce04,ts-train-service-86f5f97bc9-dkqmf,TrainController.retrieveByName,1674992161139907384,1674992161143623531,3716
a26d7d8b88c30a23aec3e2b925321d5b,9ed997bcda47f064,10dc0b41d05a9656,ts-train-service-86f5f97bc9-dkqmf,TrainTypeRepository.findByNames,1674992161140934104,1674992161143169191,2235
a26d7d8b88c30a23aec3e2b925321d5b,bec9dff72cb499c4,9ed997bcda47f064,ts-train-service-86f5f97bc9-dkqmf,SELECT train_type,1674992161141117026,1674992161143147691,2030
a26d7d8b88c30a23aec3e2b925321d5b,dc2253f3638e29f6,bec9dff72cb499c4,ts-train-service-86f5f97bc9-dkqmf,SELECT ts.train_type,1674992161142245038,1674992161143032858,787
a26d7d8b88c30a23aec3e2b925321d5b,107b0e91c785ea28,06eb3c7c6ad35816,ts-route-service-b6c59fb57-zv8dt,/api/v1/routeservice/routes/byIds/,1674992161148000000,1674992161162492180,14492
a26d7d8b88c30a23aec3e2b925321d5b,b972f76fae54b887,107b0e91c785ea28,ts-route-service-b6c59fb57-zv8dt,RouteController.queryByIds,1674992161149164835,1674992161162020875,12856
a26d7d8b88c30a23aec3e2b925321d5b,59d33e906dc0ed6e,b972f76fae54b887,ts-route-service-b6c59fb57-zv8dt,RouteRepository.findByIds,1674992161150505871,1674992161153350472,2844
a26d7d8b88c30a23aec3e2b925321d5b,740ae61e4d7d9391,59d33e906dc0ed6e,ts-route-service-b6c59fb57-zv8dt,SELECT route,1674992161150742367,1674992161153324917,2582
a26d7d8b88c30a23aec3e2b925321d5b,f2e3c9586f0f6489,740ae61e4d7d9391,ts-route-service-b6c59fb57-zv8dt,SELECT ts.route,1674992161152134459,1674992161153015883,881
a26d7d8b88c30a23aec3e2b925321d5b,4737f60330431be8,b972f76fae54b887,ts-route-service-b6c59fb57-zv8dt,SELECT ts.route_stations,1674992161153739854,1674992161154565365,825
a26d7d8b88c30a23aec3e2b925321d5b,cd752f17aeb36b97,b972f76fae54b887,ts-route-service-b6c59fb57-zv8dt,SELECT ts.route_distances,1674992161154719700,1674992161155463893,744
a26d7d8b88c30a23aec3e2b925321d5b,7f6edef54709fe17,b972f76fae54b887,ts-route-service-b6c59fb57-zv8dt,SELECT ts.route_stations,1674992161155592228,1674992161156297011,704
a26d7d8b88c30a23aec3e2b925321d5b,c57a46c2fcdd5ded,b972f76fae54b887,ts-route-service-b6c59fb57-zv8dt,SELECT ts.route_distances,1674992161156393476,1674992161157087104,693
a26d7d8b88c30a23aec3e2b925321d5b,8708dcebcd8c3dc8,b972f76fae54b887,ts-route-service-b6c59fb57-zv8dt,SELECT ts.route_stations,1674992161157180083,1674992161157844392,664
a26d7d8b88c30a23aec3e2b925321d5b,2dda0abb6cc86fe8,b972f76fae54b887,ts-route-service-b6c59fb57-zv8dt,SELECT ts.route_distances,1674992161157930414,1674992161158604803,674
a26d7d8b88c30a23aec3e2b925321d5b,08c4dc0d66184cd7,b972f76fae54b887,ts-route-service-b6c59fb57-zv8dt,SELECT ts.route_stations,1674992161158724575,1674992161159488400,763
a26d7d8b88c30a23aec3e2b925321d5b,4b5e107781784669,b972f76fae54b887,ts-route-service-b6c59fb57-zv8dt,SELECT ts.route_distances,1674992161159579891,1674992161160212497,632
a26d7d8b88c30a23aec3e2b925321d5b,5c99e6553751448f,b972f76fae54b887,ts-route-service-b6c59fb57-zv8dt,SELECT ts.route_stations,1674992161160298634,1674992161160952720,654
a26d7d8b88c30a23aec3e2b925321d5b,396aa28a33678e2b,b972f76fae54b887,ts-route-service-b6c59fb57-zv8dt,SELECT ts.route_distances,1674992161161041274,1674992161161694413,653
a26d7d8b88c30a23aec3e2b925321d5b,42d1dfc636802234,f1ef3bdf3bf215c3,ts-price-service-76846864d9-g465z,/api/v1/priceservice/prices/byRouteIdsAndTrainTypes,1674992161168000000,1674992161172729172,4729
a26d7d8b88c30a23aec3e2b925321d5b,9b572ae9dd6c7b19,42d1dfc636802234,ts-price-service-76846864d9-g465z,PriceController.query,1674992161168788316,1674992161172379913,3591
a26d7d8b88c30a23aec3e2b925321d5b,2b9b3a1b9165d1b8,9b572ae9dd6c7b19,ts-price-service-76846864d9-g465z,PriceConfigRepository.findByRouteIdsAndTrainTypes,1674992161169857618,1674992161171906200,2048
a26d7d8b88c30a23aec3e2b925321d5b,ae98ceece128c9b0,2b9b3a1b9165d1b8,ts-price-service-76846864d9-g465z,SELECT price_config,1674992161170051714,1674992161171886135,1834
a26d7d8b88c30a23aec3e2b925321d5b,57d9cb32b4f3d2f4,ae98ceece128c9b0,ts-price-service-76846864d9-g465z,SELECT ts.price_config,1674992161171003338,1674992161171748949,745
a26d7d8b88c30a23aec3e2b925321d5b,c0148b768f78df4d,95abc576370d748f,ts-seat-service-5c95b49cff-tdsdz,/api/v1/seatservice/seats/left_tickets,1674992161179000000,1674992161198273289,19273
a26d7d8b88c30a23aec3e2b925321d5b,819cc39a056f99f0,e7ae28cc83650b88,ts-seat-service-5c95b49cff-tdsdz,/api/v1/seatservice/seats/left_tickets,1674992161221000000,1674992161233587725,12587
a26d7d8b88c30a23aec3e2b925321d5b,f4f0b5eb99cfaf0f,c0148b768f78df4d,ts-seat-service-5c95b49cff-tdsdz,SeatController.getLeftTicketOfInterval,1674992161179562997,1674992161198062831,18499
a26d7d8b88c30a23aec3e2b925321d5b,5aa4abff46f6f661,819cc39a056f99f0,ts-seat-service-5c95b49cff-tdsdz,SeatController.getLeftTicketOfInterval,1674992161221506173,1674992161233359570,11853
a26d7d8b88c30a23aec3e2b925321d5b,87296eb537260aa6,f4f0b5eb99cfaf0f,ts-seat-service-5c95b49cff-tdsdz,HTTP POST,1674992161181759096,1674992161189003116,7244
a26d7d8b88c30a23aec3e2b925321d5b,60761649b4f0adf7,f4f0b5eb99cfaf0f,ts-seat-service-5c95b49cff-tdsdz,HTTP GET,1674992161190157692,1674992161196982664,6824
a26d7d8b88c30a23aec3e2b925321d5b,ee232ceca30621ae,5aa4abff46f6f661,ts-seat-service-5c95b49cff-tdsdz,HTTP POST,1674992161223232149,1674992161227132209,3900
a26d7d8b88c30a23aec3e2b925321d5b,822450a838f9fd59,5aa4abff46f6f661,ts-seat-service-5c95b49cff-tdsdz,HTTP GET,1674992161228045416,1674992161232307317,4261
a26d7d8b88c30a23aec3e2b925321d5b,e76a1241f2f2f5e7,87296eb537260aa6,ts-order-other-service-6cdbf9b4cc-h7mqk,/api/v1/orderOtherService/orderOther/tickets,1674992161185000000,1674992161187673190,2673
a26d7d8b88c30a23aec3e2b925321d5b,ca78a367c26adf39,ee232ceca30621ae,ts-order-other-service-6cdbf9b4cc-h7mqk,/api/v1/orderOtherService/orderOther/tickets,1674992161224000000,1674992161225688184,1688
a26d7d8b88c30a23aec3e2b925321d5b,c7874833089b4ca2,e76a1241f2f2f5e7,ts-order-other-service-6cdbf9b4cc-h7mqk,OrderOtherController.getTicketListByDateAndTripId,1674992161185413020,1674992161187547948,2134
a26d7d8b88c30a23aec3e2b925321d5b,5ccbe22c34e5216e,ca78a367c26adf39,ts-order-other-service-6cdbf9b4cc-h7mqk,OrderOtherController.getTicketListByDateAndTripId,1674992161224221515,1674992161225586987,1365
a26d7d8b88c30a23aec3e2b925321d5b,9b3c3f7b4839a4f3,c7874833089b4ca2,ts-order-other-service-6cdbf9b4cc-h7mqk,OrderOtherRepository.findByTravelDateAndTrainNumber,1674992161185924124,1674992161187132676,1208
a26d7d8b88c30a23aec3e2b925321d5b,ad0740e5716bc6b7,5ccbe22c34e5216e,ts-order-other-service-6cdbf9b4cc-h7mqk,OrderOtherRepository.findByTravelDateAndTrainNumber,1674992161224514013,1674992161225252570,738
a26d7d8b88c30a23aec3e2b925321d5b,4430bc7a5233476d,9b3c3f7b4839a4f3,ts-order-other-service-6cdbf9b4cc-h7mqk,SELECT Order,1674992161185983861,1674992161187125580,1141
a26d7d8b88c30a23aec3e2b925321d5b,78461bb9ad3bf965,ad0740e5716bc6b7,ts-order-other-service-6cdbf9b4cc-h7mqk,SELECT Order,1674992161224563531,1674992161225247282,683
a26d7d8b88c30a23aec3e2b925321d5b,8f99d24982a1978e,4430bc7a5233476d,ts-order-other-service-6cdbf9b4cc-h7mqk,SELECT ts.orders_other,1674992161186563289,1674992161187110899,547
a26d7d8b88c30a23aec3e2b925321d5b,5fbcb0a1449ce930,78461bb9ad3bf965,ts-order-other-service-6cdbf9b4cc-h7mqk,SELECT ts.orders_other,1674992161224625955,1674992161225237298,611
a26d7d8b88c30a23aec3e2b925321d5b,b8e25a42b4a46b74,60761649b4f0adf7,ts-config-service-5fcd447d84-wxwjd,/api/v1/configservice/configs/{configName},1674992161193000000,1674992161195769125,2769
a26d7d8b88c30a23aec3e2b925321d5b,afc8ee8cf89cab11,822450a838f9fd59,ts-config-service-5fcd447d84-wxwjd,/api/v1/configservice/configs/{configName},1674992161229000000,1674992161231071968,2071
a26d7d8b88c30a23aec3e2b925321d5b,fb2649ea0088ed1d,b8e25a42b4a46b74,ts-config-service-5fcd447d84-wxwjd,ConfigController.retrieve,1674992161193530328,1674992161195604719,2074
a26d7d8b88c30a23aec3e2b925321d5b,60a64c3f5f7903b2,afc8ee8cf89cab11,ts-config-service-5fcd447d84-wxwjd,ConfigController.retrieve,1674992161229450586,1674992161230943097,1492
a26d7d8b88c30a23aec3e2b925321d5b,9be85c3bf39f15ec,fb2649ea0088ed1d,ts-config-service-5fcd447d84-wxwjd,ConfigRepository.findByName,1674992161193999218,1674992161195126611,1127
a26d7d8b88c30a23aec3e2b925321d5b,3f97bc53ad926a6e,60a64c3f5f7903b2,ts-config-service-5fcd447d84-wxwjd,ConfigRepository.findByName,1674992161229905385,1674992161230519986,614
a26d7d8b88c30a23aec3e2b925321d5b,071613c37928df92,9be85c3bf39f15ec,ts-config-service-5fcd447d84-wxwjd,SELECT Config,1674992161194084633,1674992161195122433,1037
a26d7d8b88c30a23aec3e2b925321d5b,72128fc716b30429,3f97bc53ad926a6e,ts-config-service-5fcd447d84-wxwjd,SELECT Config,1674992161229990229,1674992161230517018,526
a26d7d8b88c30a23aec3e2b925321d5b,82b2647d9d093211,071613c37928df92,ts-config-service-5fcd447d84-wxwjd,SELECT ts.config,1674992161194641183,1674992161195076540,435
a26d7d8b88c30a23aec3e2b925321d5b,8ec6e6a8d7a0f0d1,72128fc716b30429,ts-config-service-5fcd447d84-wxwjd,SELECT ts.config,1674992161230066786,1674992161230467635,400
ef6a9118deef76002e6605dde8339bdf,1fd7e79638be0bf8,root,ts-gateway-service-6f6cfc45b-h5m2n,/*,1674992167074000000,1674992167093219361,19219
ef6a9118deef76002e6605dde8339bdf,d509b7b456e82dde,1fd7e79638be0bf8,ts-gateway-service-6f6cfc45b-h5m2n,FilteringWebHandler.handle,1674992167074875005,1674992167092958837,18083
ef6a9118deef76002e6605dde8339bdf,16b0e4b7404b2f95,1fd7e79638be0bf8,ts-gateway-service-6f6cfc45b-h5m2n,HTTP POST,1674992167075862014,1674992167093114192,17252
ef6a9118deef76002e6605dde8339bdf,b8570bc93fd275e5,16b0e4b7404b2f95,ts-travel2-service-5c66d57d58-6mp2b,/api/v1/travel2service/trips/left,1674992167078000000,1674992167091328965,13328
ef6a9118deef76002e6605dde8339bdf,0b16468882d422a0,b8570bc93fd275e5,ts-travel2-service-5c66d57d58-6mp2b,Travel2Controller.queryInfo,1674992167078874329,1674992167084113598,5239
ef6a9118deef76002e6605dde8339bdf,a0ad7fa2b4db9942,b8570bc93fd275e5,ts-travel2-service-5c66d57d58-6mp2b,BasicErrorController.error,1674992167090458872,1674992167091163853,704
ef6a9118deef76002e6605dde8339bdf,d7323ee745ddb47c,0b16468882d422a0,ts-travel2-service-5c66d57d58-6mp2b,TripRepository.findAll,1674992167079513209,1674992167083243419,3730
ef6a9118deef76002e6605dde8339bdf,933e74ca79979dff,d7323ee745ddb47c,ts-travel2-service-5c66d57d58-6mp2b,SELECT Trip,1674992167081211637,1674992167082132920,921
ef6a9118deef76002e6605dde8339bdf,f3b084063bc44d25,d7323ee745ddb47c,ts-travel2-service-5c66d57d58-6mp2b,Transaction.commit,1674992167082157474,1674992167082908438,750
ef6a9118deef76002e6605dde8339bdf,410793c55c0147c4,933e74ca79979dff,ts-travel2-service-5c66d57d58-6mp2b,SELECT ts.trip2,1674992167081373008,1674992167082001544,628
06d191b7ba0a167fb4a0e8c8611acb8d,8ea024d504572375,root,ts-gateway-service-6f6cfc45b-h5m2n,/*,1674992155830000000,1674992156021410523,191410
06d191b7ba0a167fb4a0e8c8611acb8d,91f6d2bd8fda248c,8ea024d504572375,ts-gateway-service-6f6cfc45b-h5m2n,FilteringWebHandler.handle,1674992155830814267,1674992156021185950,190371
06d191b7ba0a167fb4a0e8c8611acb8d,7cbfe61593521745,8ea024d504572375,ts-gateway-service-6f6cfc45b-h5m2n,HTTP POST,1674992155831716750,1674992156021416818,189700
06d191b7ba0a167fb4a0e8c8611acb8d,a3f7f5e6650670e3,7cbfe61593521745,ts-travel2-service-5c66d57d58-6mp2b,/api/v1/travel2service/trips/left,1674992155833000000,1674992156019381586,186381
06d191b7ba0a167fb4a0e8c8611acb8d,9d876181958f7bb6,a3f7f5e6650670e3,ts-travel2-service-5c66d57d58-6mp2b,Travel2Controller.queryInfo,1674992155833790435,1674992156018971138,185180
06d191b7ba0a167fb4a0e8c8611acb8d,112ffb11a3116128,9d876181958f7bb6,ts-travel2-service-5c66d57d58-6mp2b,TripRepository.findAll,1674992155834424224,1674992155838146825,3722
06d191b7ba0a167fb4a0e8c8611acb8d,a6bd00bdf895fa4c,112ffb11a3116128,ts-travel2-service-5c66d57d58-6mp2b,SELECT Trip,1674992155836179777,1674992155837036207,856
06d191b7ba0a167fb4a0e8c8611acb8d,74c1595638dd7bb9,112ffb11a3116128,ts-travel2-service-5c66d57d58-6mp2b,Transaction.commit,1674992155837060359,1674992155837809425,749
06d191b7ba0a167fb4a0e8c8611acb8d,96154f87a9ee8ecd,a6bd00bdf895fa4c,ts-travel2-service-5c66d57d58-6mp2b,SELECT ts.trip2,1674992155836306613,1674992155836922593,615
06d191b7ba0a167fb4a0e8c8611acb8d,bdc107737a772389,9d876181958f7bb6,ts-travel2-service-5c66d57d58-6mp2b,HTTP POST,1674992155838693870,1674992155930693631,91999
06d191b7ba0a167fb4a0e8c8611acb8d,b0737ad513847730,9d876181958f7bb6,ts-travel2-service-5c66d57d58-6mp2b,HTTP POST,1674992155931981694,1674992155973854899,41873
06d191b7ba0a167fb4a0e8c8611acb8d,74df85c8dd504131,9d876181958f7bb6,ts-travel2-service-5c66d57d58-6mp2b,HTTP POST,1674992155974676972,1674992156017660360,42983
06d191b7ba0a167fb4a0e8c8611acb8d,96da598bf67918ed,bdc107737a772389,ts-basic-service-5dc8d4f9fd-46997,/api/v1/basicservice/basic/travels,1674992155841000000,1674992155929686461,88686
06d191b7ba0a167fb4a0e8c8611acb8d,02e39b7b810d4162,96da598bf67918ed,ts-basic-service-5dc8d4f9fd-46997,BasicController.queryForTravels,1674992155841455495,1674992155929550200,88094
06d191b7ba0a167fb4a0e8c8611acb8d,2259977fc97b5bb9,02e39b7b810d4162,ts-basic-service-5dc8d4f9fd-46997,HTTP POST,1674992155842592444,1674992155849440194,6847
06d191b7ba0a167fb4a0e8c8611acb8d,910675d2d32278db,02e39b7b810d4162,ts-basic-service-5dc8d4f9fd-46997,HTTP POST,1674992155849924504,1674992155857827199,7902
06d191b7ba0a167fb4a0e8c8611acb8d,1c5d6b3365da9c8a,02e39b7b810d4162,ts-basic-service-5dc8d4f9fd-46997,HTTP POST,1674992155858635901,1674992155900806103,42170
06d191b7ba0a167fb4a0e8c8611acb8d,46f6300040a5dd69,02e39b7b810d4162,ts-basic-service-5dc8d4f9fd-46997,HTTP POST,1674992155902072838,1674992155928564862,26492
06d191b7ba0a167fb4a0e8c8611acb8d,68856b3dc599fffe,2259977fc97b5bb9,ts-station-service-7f4f5f6f77-5qb6j,/api/v1/stationservice/stations/idlist,1674992155846000000,1674992155849993032,3993
06d191b7ba0a167fb4a0e8c8611acb8d,bc72422461088f69,68856b3dc599fffe,ts-station-service-7f4f5f6f77-5qb6j,StationController.queryForIdBatch,1674992155846732565,1674992155849781239,3048
06d191b7ba0a167fb4a0e8c8611acb8d,cd9d1982a86def2f,bc72422461088f69,ts-station-service-7f4f5f6f77-5qb6j,StationRepository.findByNames,1674992155847619198,1674992155849421424,1802
06d191b7ba0a167fb4a0e8c8611acb8d,23fc2fb27ce6c03f,cd9d1982a86def2f,ts-station-service-7f4f5f6f77-5qb6j,SELECT station,1674992155847781987,1674992155849406343,1624
06d191b7ba0a167fb4a0e8c8611acb8d,7353531ed6892364,23fc2fb27ce6c03f,ts-station-service-7f4f5f6f77-5qb6j,SELECT ts.station,1674992155848600578,1674992155849321990,721
06d191b7ba0a167fb4a0e8c8611acb8d,84574c7818723eda,910675d2d32278db,ts-train-service-86f5f97bc9-dkqmf,/api/v1/trainservice/trains/byNames,1674992155853000000,1674992155858035022,5035
06d191b7ba0a167fb4a0e8c8611acb8d,f8ff874c3f0e8cd4,84574c7818723eda,ts-train-service-86f5f97bc9-dkqmf,TrainController.retrieveByName,1674992155853905066,1674992155857658502,3753
06d191b7ba0a167fb4a0e8c8611acb8d,b26e2dd0fe9d640d,f8ff874c3f0e8cd4,ts-train-service-86f5f97bc9-dkqmf,TrainTypeRepository.findByNames,1674992155854891409,1674992155857188289,2296
06d191b7ba0a167fb4a0e8c8611acb8d,b4d9c24436a2972a,b26e2dd0fe9d640d,ts-train-service-86f5f97bc9-dkqmf,SELECT train_type,1674992155855070619,1674992155857114781,2044
06d191b7ba0a167fb4a0e8c8611acb8d,c0b7a003be62c85a,b4d9c24436a2972a,ts-train-service-86f5f97bc9-dkqmf,SELECT ts.train_type,1674992155856075648,1674992155856985865,910
06d191b7ba0a167fb4a0e8c8611acb8d,63c463cadc31d541,1c5d6b3365da9c8a,ts-route-service-b6c59fb57-zv8dt,/api/v1/routeservice/routes/byIds/,1674992155887000000,1674992155900811520,13811
06d191b7ba0a167fb4a0e8c8611acb8d,46f1fd2e5765f2d8,63c463cadc31d541,ts-route-service-b6c59fb57-zv8dt,RouteController.queryByIds,1674992155888058259,1674992155900397532,12339
06d191b7ba0a167fb4a0e8c8611acb8d,bd6037106cfd27b0,46f1fd2e5765f2d8,ts-route-service-b6c59fb57-zv8dt,RouteRepository.findByIds,1674992155889284979,1674992155891719098,2434
06d191b7ba0a167fb4a0e8c8611acb8d,827204063791bef3,bd6037106cfd27b0,ts-route-service-b6c59fb57-zv8dt,SELECT route,1674992155889483788,1674992155891695264,2211
06d191b7ba0a167fb4a0e8c8611acb8d,e0e5994a800d3ae3,827204063791bef3,ts-route-service-b6c59fb57-zv8dt,SELECT ts.route,1674992155890636000,1674992155891493728,857
06d191b7ba0a167fb4a0e8c8611acb8d,09b5774df8b345d6,46f1fd2e5765f2d8,ts-route-service-b6c59fb57-zv8dt,SELECT ts.route_stations,1674992155892045501,1674992155892839720,794
06d191b7ba0a167fb4a0e8c8611acb8d,d664ddb2aaaad0d9,46f1fd2e5765f2d8,ts-route-service-b6c59fb57-zv8dt,SELECT ts.route_distances,1674992155892972699,1674992155893716365,743
06d191b7ba0a167fb4a0e8c8611acb8d,6108cabe40423516,46f1fd2e5765f2d8,ts-route-service-b6c59fb57-zv8dt,SELECT ts.route_stations,1674992155893855524,1674992155894547050,691
06d191b7ba0a167fb4a0e8c8611acb8d,afab2959ad2690b2,46f1fd2e5765f2d8,ts-route-service-b6c59fb57-zv8dt,SELECT ts.route_distances,1674992155894620951,1674992155895365485,744
06d191b7ba0a167fb4a0e8c8611acb8d,71cda84ffbbe8196,46f1fd2e5765f2d8,ts-route-service-b6c59fb57-zv8dt,SELECT ts.route_stations,1674992155895441462,1674992155896170749,729
06d191b7ba0a167fb4a0e8c8611acb8d,8173fb5f17588af2,46f1fd2e5765f2d8,ts-route-service-b6c59fb57-zv8dt,SELECT ts.route_distances,1674992155896236676,1674992155896922742,686
06d191b7ba0a167fb4a0e8c8611acb8d,56faee86fc1f8f57,46f1fd2e5765f2d8,ts-route-service-b6c59fb57-zv8dt,SELECT ts.route_stations,1674992155897028931,1674992155897750351,721
06d191b7ba0a167fb4a0e8c8611acb8d,469889977505946d,46f1fd2e5765f2d8,ts-route-service-b6c59fb57-zv8dt,SELECT ts.route_distances,1674992155897843667,1674992155898538070,694
06d191b7ba0a167fb4a0e8c8611acb8d,b6c8263078ba84c6,46f1fd2e5765f2d8,ts-route-service-b6c59fb57-zv8dt,SELECT ts.route_stations,1674992155898604131,1674992155899361972,757
06d191b7ba0a167fb4a0e8c8611acb8d,a66795144ec1fc22,46f1fd2e5765f2d8,ts-route-service-b6c59fb57-zv8dt,SELECT ts.route_distances,1674992155899430568,1674992155900127479,696
06d191b7ba0a167fb4a0e8c8611acb8d,6c189f8317051b86,46f6300040a5dd69,ts-price-service-76846864d9-g465z,/api/v1/priceservice/prices/byRouteIdsAndTrainTypes,1674992155923000000,1674992155927987736,4987
06d191b7ba0a167fb4a0e8c8611acb8d,577450f130a57476,6c189f8317051b86,ts-price-service-76846864d9-g465z,PriceController.query,1674992155923794310,1674992155927626479,3832
06d191b7ba0a167fb4a0e8c8611acb8d,a221695eb55f1af3,577450f130a57476,ts-price-service-76846864d9-g465z,PriceConfigRepository.findByRouteIdsAndTrainTypes,1674992155924847425,1674992155927146701,2299
06d191b7ba0a167fb4a0e8c8611acb8d,0fe2ff6c7ac9a953,a221695eb55f1af3,ts-price-service-76846864d9-g465z,SELECT price_config,1674992155925024131,1674992155927125863,2101
06d191b7ba0a167fb4a0e8c8611acb8d,fbb8d83b6c240aac,0fe2ff6c7ac9a953,ts-price-service-76846864d9-g465z,SELECT ts.price_config,1674992155926154608,1674992155926995527,840
06d191b7ba0a167fb4a0e8c8611acb8d,abcec2db5b71c3dd,b0737ad513847730,ts-seat-service-5c95b49cff-tdsdz,/api/v1/seatservice/seats/left_tickets,1674992155935000000,1674992155972207063,37207
06d191b7ba0a167fb4a0e8c8611acb8d,c586d8ef7db70a57,74df85c8dd504131,ts-seat-service-5c95b49cff-tdsdz,/api/v1/seatservice/seats/left_tickets,1674992155989000000,1674992156016584929,27584
06d191b7ba0a167fb4a0e8c8611acb8d,93e596bf1ea0ae53,abcec2db5b71c3dd,ts-seat-service-5c95b49cff-tdsdz,SeatController.getLeftTicketOfInterval,1674992155935581164,1674992155971959758,36378
06d191b7ba0a167fb4a0e8c8611acb8d,e6a802de2fbe87f6,c586d8ef7db70a57,ts-seat-service-5c95b49cff-tdsdz,SeatController.getLeftTicketOfInterval,1674992155989533742,1674992156016349566,26815
06d191b7ba0a167fb4a0e8c8611acb8d,707ad3820c25a9ec,93e596bf1ea0ae53,ts-seat-service-5c95b49cff-tdsdz,HTTP POST,1674992155937870543,1674992155944965027,7094
06d191b7ba0a167fb4a0e8c8611acb8d,5add07e887838d68,93e596bf1ea0ae53,ts-seat-service-5c95b49cff-tdsdz,HTTP GET,1674992155946079337,1674992155970821168,24741
06d191b7ba0a167fb4a0e8c8611acb8d,4d3b2a242e9b132b,e6a802de2fbe87f6,ts-seat-service-5c95b49cff-tdsdz,HTTP POST,1674992155991310653,1674992155996084368,4773
06d191b7ba0a167fb4a0e8c8611acb8d,bb2d210a8fd4369a,e6a802de2fbe87f6,ts-seat-service-5c95b49cff-tdsdz,HTTP GET,1674992155996977850,1674992156015290069,18312
06d191b7ba0a167fb4a0e8c8611acb8d,3b3a42273ad39094,707ad3820c25a9ec,ts-order-other-service-6cdbf9b4cc-h7mqk,/api/v1/orderOtherService/orderOther/tickets,1674992155941000000,1674992155943762449,2762
06d191b7ba0a167fb4a0e8c8611acb8d,719d270149106623,4d3b2a242e9b132b,ts-order-other-service-6cdbf9b4cc-h7mqk,/api/v1/orderOtherService/orderOther/tickets,1674992155993000000,1674992155995196431,2196
06d191b7ba0a167fb4a0e8c8611acb8d,d28b594f3eb9284b,3b3a42273ad39094,ts-order-other-service-6cdbf9b4cc-h7mqk,OrderOtherController.getTicketListByDateAndTripId,1674992155941421477,1674992155943627445,2205
06d191b7ba0a167fb4a0e8c8611acb8d,3637c444e920adfb,719d270149106623,ts-order-other-service-6cdbf9b4cc-h7mqk,OrderOtherController.getTicketListByDateAndTripId,1674992155993364029,1674992155995075549,1711
06d191b7ba0a167fb4a0e8c8611acb8d,4c573d6661e30417,d28b594f3eb9284b,ts-order-other-service-6cdbf9b4cc-h7mqk,OrderOtherRepository.findByTravelDateAndTrainNumber,1674992155941943037,1674992155943218659,1275
06d191b7ba0a167fb4a0e8c8611acb8d,0d2097ca61c36c18,3637c444e920adfb,ts-order-other-service-6cdbf9b4cc-h7mqk,OrderOtherRepository.findByTravelDateAndTrainNumber,1674992155993783719,1674992155994694142,910
06d191b7ba0a167fb4a0e8c8611acb8d,5971a2387e09e309,4c573d6661e30417,ts-order-other-service-6cdbf9b4cc-h7mqk,SELECT Order,1674992155941996574,1674992155943211605,1215
06d191b7ba0a167fb4a0e8c8611acb8d,8e0c6fc99d5d1e10,0d2097ca61c36c18,ts-order-other-service-6cdbf9b4cc-h7mqk,SELECT Order,1674992155993836973,1674992155994687656,850
06d191b7ba0a167fb4a0e8c8611acb8d,6928977d0898cba5,5971a2387e09e309,ts-order-other-service-6cdbf9b4cc-h7mqk,SELECT ts.orders_other,1674992155942581748,1674992155943198140,616
06d191b7ba0a167fb4a0e8c8611acb8d,6d1a1f6f02ebedac,8e0c6fc99d5d1e10,ts-order-other-service-6cdbf9b4cc-h7mqk,SELECT ts.orders_other,1674992155993932167,1674992155994674725,742
06d191b7ba0a167fb4a0e8c8611acb8d,0bf308e0b1601923,5add07e887838d68,ts-config-service-5fcd447d84-wxwjd,/api/v1/configservice/configs/{configName},1674992155949000000,1674992155951330870,2330
06d191b7ba0a167fb4a0e8c8611acb8d,ec95cbf955b4c863,bb2d210a8fd4369a,ts-config-service-5fcd447d84-wxwjd,/api/v1/configservice/configs/{configName},1674992155998000000,1674992155999534601,1534
06d191b7ba0a167fb4a0e8c8611acb8d,467deecb4b322f38,0bf308e0b1601923,ts-config-service-5fcd447d84-wxwjd,ConfigController.retrieve,1674992155949421803,1674992155951200211,1778
06d191b7ba0a167fb4a0e8c8611acb8d,285ec6f1d2c198d7,ec95cbf955b4c863,ts-config-service-5fcd447d84-wxwjd,ConfigController.retrieve,1674992155998256491,1674992155999434453,1177
06d191b7ba0a167fb4a0e8c8611acb8d,4d47862452787989,467deecb4b322f38,ts-config-service-5fcd447d84-wxwjd,ConfigRepository.findByName,1674992155949868838,1674992155950757782,888
06d191b7ba0a167fb4a0e8c8611acb8d,61ed43a2e1b6e8d7,285ec6f1d2c198d7,ts-config-service-5fcd447d84-wxwjd,ConfigRepository.findByName,1674992155998494726,1674992155999057651,562
06d191b7ba0a167fb4a0e8c8611acb8d,9903082553795498,4d47862452787989,ts-config-service-5fcd447d84-wxwjd,SELECT Config,1674992155949937111,1674992155950754441,817
06d191b7ba0a167fb4a0e8c8611acb8d,09cebcc00f011f64,61ed43a2e1b6e8d7,ts-config-service-5fcd447d84-wxwjd,SELECT Config,1674992155998537788,1674992155999054639,516
06d191b7ba0a167fb4a0e8c8611acb8d,7177adf78c4ce82a,9903082553795498,ts-config-service-5fcd447d84-wxwjd,SELECT ts.config,1674992155950372084,1674992155950714897,342
06d191b7ba0a167fb4a0e8c8611acb8d,0b21465ef24b756d,09cebcc00f011f64,ts-config-service-5fcd447d84-wxwjd,SELECT ts.config,1674992155998581057,1674992155999025150,444
8e9667df0edc56990f6149fd20ea6609,9d04330739cd728e,root,ts-gateway-service-6f6cfc45b-h5m2n,/*,1674992150819000000,1674992150980986100,161986
8e9667df0edc56990f6149fd20ea6609,fe2dd4700ae6a9fa,9d04330739cd728e,ts-gateway-service-6f6cfc45b-h5m2n,FilteringWebHandler.handle,1674992150819803632,1674992150980687969,160884
8e9667df0edc56990f6149fd20ea6609,4d174e8c2fa8f277,9d04330739cd728e,ts-gateway-service-6f6cfc45b-h5m2n,HTTP POST,1674992150820761178,1674992150980891426,160130
8e9667df0edc56990f6149fd20ea6609,b71f74b914561da6,4d174e8c2fa8f277,ts-travel2-service-5c66d57d58-6mp2b,/api/v1/travel2service/trips/left,1674992150823000000,1674992150979419084,156419
8e9667df0edc56990f6149fd20ea6609,cc0ea25709a3fa51,b71f74b914561da6,ts-travel2-service-5c66d57d58-6mp2b,Travel2Controller.queryInfo,1674992150823828242,1674992150979030446,155202
8e9667df0edc56990f6149fd20ea6609,d28239a1606258af,cc0ea25709a3fa51,ts-travel2-service-5c66d57d58-6mp2b,TripRepository.findAll,1674992150824466273,1674992150827759463,3293
8e9667df0edc56990f6149fd20ea6609,f2b0b7e9a6c57131,d28239a1606258af,ts-travel2-service-5c66d57d58-6mp2b,SELECT Trip,1674992150826002595,1674992150826782990,780
8e9667df0edc56990f6149fd20ea6609,eedabb0dbe393953,d28239a1606258af,ts-travel2-service-5c66d57d58-6mp2b,Transaction.commit,1674992150826806001,1674992150827445283,639
8e9667df0edc56990f6149fd20ea6609,fa715b961e887bfa,f2b0b7e9a6c57131,ts-travel2-service-5c66d57d58-6mp2b,SELECT ts.trip2,1674992150826113523,1674992150826681437,567
8e9667df0edc56990f6149fd20ea6609,2ef69e03db34908b,cc0ea25709a3fa51,ts-travel2-service-5c66d57d58-6mp2b,HTTP POST,1674992150828305887,1674992150877813367,49507
8e9667df0edc56990f6149fd20ea6609,c46ff918309a1bda,cc0ea25709a3fa51,ts-travel2-service-5c66d57d58-6mp2b,HTTP POST,1674992150879080512,1674992150933647674,54567
8e9667df0edc56990f6149fd20ea6609,c8c07a28ad72f021,cc0ea25709a3fa51,ts-travel2-service-5c66d57d58-6mp2b,HTTP POST,1674992150934402698,1674992150977810887,43408
8e9667df0edc56990f6149fd20ea6609,dbc5bc6fedcbc502,2ef69e03db34908b,ts-basic-service-5dc8d4f9fd-46997,/api/v1/basicservice/basic/travels,1674992150830000000,1674992150876524937,46524
8e9667df0edc56990f6149fd20ea6609,cfd9de9592207c43,dbc5bc6fedcbc502,ts-basic-service-5dc8d4f9fd-46997,BasicController.queryForTravels,1674992150830389821,1674992150876389438,45999
8e9667df0edc56990f6149fd20ea6609,ad9080f34306c0af,cfd9de9592207c43,ts-basic-service-5dc8d4f9fd-46997,HTTP POST,1674992150839057037,1674992150843337592,4280
8e9667df0edc56990f6149fd20ea6609,a92a132bac3cbfb9,cfd9de9592207c43,ts-basic-service-5dc8d4f9fd-46997,HTTP POST,1674992150843973588,1674992150850429073,6455
8e9667df0edc56990f6149fd20ea6609,154176d5d1f442c7,cfd9de9592207c43,ts-basic-service-5dc8d4f9fd-46997,HTTP POST,1674992150851383929,1674992150867909728,16525
8e9667df0edc56990f6149fd20ea6609,ad4c0104bdcee8ec,cfd9de9592207c43,ts-basic-service-5dc8d4f9fd-46997,HTTP POST,1674992150869078753,1674992150875273556,6194
8e9667df0edc56990f6149fd20ea6609,c28744464ad4a071,ad9080f34306c0af,ts-station-service-7f4f5f6f77-5qb6j,/api/v1/stationservice/stations/idlist,1674992150841000000,1674992150843934512,2934
8e9667df0edc56990f6149fd20ea6609,0e17283c4a0f7886,c28744464ad4a071,ts-station-service-7f4f5f6f77-5qb6j,StationController.queryForIdBatch,1674992150841413668,1674992150843763194,2349
8e9667df0edc56990f6149fd20ea6609,73ef9af316f0dc61,0e17283c4a0f7886,ts-station-service-7f4f5f6f77-5qb6j,StationRepository.findByNames,1674992150841981854,1674992150843555393,1573
8e9667df0edc56990f6149fd20ea6609,1ffa5a5c1b8497fb,73ef9af316f0dc61,ts-station-service-7f4f5f6f77-5qb6j,SELECT station,1674992150842070221,1674992150843543862,1473
8e9667df0edc56990f6149fd20ea6609,754c69dd35e1c5d0,1ffa5a5c1b8497fb,ts-station-service-7f4f5f6f77-5qb6j,SELECT ts.station,1674992150842969778,1674992150843496413,526
8e9667df0edc56990f6149fd20ea6609,1ca3fc07f74864dc,a92a132bac3cbfb9,ts-train-service-86f5f97bc9-dkqmf,/api/v1/trainservice/trains/byNames,1674992150846000000,1674992150850766863,4766
8e9667df0edc56990f6149fd20ea6609,ac0e9c22839ff508,1ca3fc07f74864dc,ts-train-service-86f5f97bc9-dkqmf,TrainController.retrieveByName,1674992150846788180,1674992150850398747,3610
8e9667df0edc56990f6149fd20ea6609,6d9b169d7f6ea72b,ac0e9c22839ff508,ts-train-service-86f5f97bc9-dkqmf,TrainTypeRepository.findByNames,1674992150847763078,1674992150849968095,2205
8e9667df0edc56990f6149fd20ea6609,7bb4f287a2c3746b,6d9b169d7f6ea72b,ts-train-service-86f5f97bc9-dkqmf,SELECT train_type,1674992150847927427,1674992150849947019,2019
8e9667df0edc56990f6149fd20ea6609,120760d2391045ee,7bb4f287a2c3746b,ts-train-service-86f5f97bc9-dkqmf,SELECT ts.train_type,1674992150848980208,1674992150849818640,838
8e9667df0edc56990f6149fd20ea6609,10b2e5700054fbee,154176d5d1f442c7,ts-route-service-b6c59fb57-zv8dt,/api/v1/routeservice/routes/byIds/,1674992150853000000,1674992150867483728,14483
8e9667df0edc56990f6149fd20ea6609,fcff11d80f7008e4,10b2e5700054fbee,ts-route-service-b6c59fb57-zv8dt,RouteController.queryByIds,1674992150853962723,1674992150867076674,13113
8e9667df0edc56990f6149fd20ea6609,d368e67f82aca3cd,fcff11d80f7008e4,ts-route-service-b6c59fb57-zv8dt,RouteRepository.findByIds,1674992150855218803,1674992150857721376,2502
8e9667df0edc56990f6149fd20ea6609,bad643f2176bde15,d368e67f82aca3cd,ts-route-service-b6c59fb57-zv8dt,SELECT route,1674992150855437738,1674992150857697387,2259
8e9667df0edc56990f6149fd20ea6609,c62aab3ab351e105,bad643f2176bde15,ts-route-service-b6c59fb57-zv8dt,SELECT ts.route,1674992150856641211,1674992150857463776,822
8e9667df0edc56990f6149fd20ea6609,ac019f30340a35a4,fcff11d80f7008e4,ts-route-service-b6c59fb57-zv8dt,SELECT ts.route_stations,1674992150858074982,1674992150859096535,1021
8e9667df0edc56990f6149fd20ea6609,2a86f954ac1b9142,fcff11d80f7008e4,ts-route-service-b6c59fb57-zv8dt,SELECT ts.route_distances,1674992150859260376,1674992150860065428,805
8e9667df0edc56990f6149fd20ea6609,7e7f22ac2047867d,fcff11d80f7008e4,ts-route-service-b6c59fb57-zv8dt,SELECT ts.route_stations,1674992150860191223,1674992150860934752,743
8e9667df0edc56990f6149fd20ea6609,58d3c34db33532bb,fcff11d80f7008e4,ts-route-service-b6c59fb57-zv8dt,SELECT ts.route_distances,1674992150861033213,1674992150861847916,814
8e9667df0edc56990f6149fd20ea6609,041efedcd533b57f,fcff11d80f7008e4,ts-route-service-b6c59fb57-zv8dt,SELECT ts.route_stations,1674992150861968142,1674992150862694119,725
8e9667df0edc56990f6149fd20ea6609,1b2c90f532d3c1f7,fcff11d80f7008e4,ts-route-service-b6c59fb57-zv8dt,SELECT ts.route_distances,1674992150862784575,1674992150863560035,775
8e9667df0edc56990f6149fd20ea6609,ec95be0209b541d8,fcff11d80f7008e4,ts-route-service-b6c59fb57-zv8dt,SELECT ts.route_stations,1674992150863669953,1674992150864378643,708
8e9667df0edc56990f6149fd20ea6609,e4106b91c4229abb,fcff11d80f7008e4,ts-route-service-b6c59fb57-zv8dt,SELECT ts.route_distances,1674992150864459377,1674992150865180526,721
8e9667df0edc56990f6149fd20ea6609,85a6a3008af79bb2,fcff11d80f7008e4,ts-route-service-b6c59fb57-zv8dt,SELECT ts.route_stations,1674992150865267909,1674992150865966804,698
8e9667df0edc56990f6149fd20ea6609,c77f6b004235eb87,fcff11d80f7008e4,ts-route-service-b6c59fb57-zv8dt,SELECT ts.route_distances,1674992150866051769,1674992150866774016,722
8e9667df0edc56990f6149fd20ea6609,90ddbbc9f220f47b,ad4c0104bdcee8ec,ts-price-service-76846864d9-g465z,/api/v1/priceservice/prices/byRouteIdsAndTrainTypes,1674992150871000000,1674992150875533011,4533
8e9667df0edc56990f6149fd20ea6609,9d41e2040549b970,90ddbbc9f220f47b,ts-price-service-76846864d9-g465z,PriceController.query,1674992150871733541,1674992150875204153,3470
8e9667df0edc56990f6149fd20ea6609,951da40a4b7e5bcb,9d41e2040549b970,ts-price-service-76846864d9-g465z,PriceConfigRepository.findByRouteIdsAndTrainTypes,1674992150872698567,1674992150874790229,2091
8e9667df0edc56990f6149fd20ea6609,772c907f7f516e09,951da40a4b7e5bcb,ts-price-service-76846864d9-g465z,SELECT price_config,1674992150872857020,1674992150874772014,1914
8e9667df0edc56990f6149fd20ea6609,bbfdc9389add3821,772c907f7f516e09,ts-price-service-76846864d9-g465z,SELECT ts.price_config,1674992150873782784,1674992150874644874,862
8e9667df0edc56990f6149fd20ea6609,bf8f0e7b39185832,c46ff918309a1bda,ts-seat-service-5c95b49cff-tdsdz,/api/v1/seatservice/seats/left_tickets,1674992150882000000,1674992150931857658,49857
8e9667df0edc56990f6149fd20ea6609,befe580b8b8e1a57,c8c07a28ad72f021,ts-seat-service-5c95b49cff-tdsdz,/api/v1/seatservice/seats/left_tickets,1674992150949000000,1674992150976578740,27578
8e9667df0edc56990f6149fd20ea6609,d25329929bc2272e,bf8f0e7b39185832,ts-seat-service-5c95b49cff-tdsdz,SeatController.getLeftTicketOfInterval,1674992150882548357,1674992150931614715,49066
8e9667df0edc56990f6149fd20ea6609,7b8c6f2bbd785a50,befe580b8b8e1a57,ts-seat-service-5c95b49cff-tdsdz,SeatController.getLeftTicketOfInterval,1674992150949573632,1674992150976356276,26782
8e9667df0edc56990f6149fd20ea6609,72f9b3ed8789e2ee,d25329929bc2272e,ts-seat-service-5c95b49cff-tdsdz,HTTP POST,1674992150884671057,1674992150908251686,23580
8e9667df0edc56990f6149fd20ea6609,87bf4a9236da374f,d25329929bc2272e,ts-seat-service-5c95b49cff-tdsdz,HTTP GET,1674992150909497493,1674992150930452777,20955
8e9667df0edc56990f6149fd20ea6609,0b495304ea0305e4,7b8c6f2bbd785a50,ts-seat-service-5c95b49cff-tdsdz,HTTP POST,1674992150951400387,1674992150956145261,4744
8e9667df0edc56990f6149fd20ea6609,6a5084fdb031632c,7b8c6f2bbd785a50,ts-seat-service-5c95b49cff-tdsdz,HTTP GET,1674992150957119867,1674992150975230739,18110
8e9667df0edc56990f6149fd20ea6609,c61ff0ef2f54fdb7,72f9b3ed8789e2ee,ts-order-other-service-6cdbf9b4cc-h7mqk,/api/v1/orderOtherService/orderOther/tickets,1674992150888000000,1674992150890725879,2725
8e9667df0edc56990f6149fd20ea6609,1e7ba49752fb1330,0b495304ea0305e4,ts-order-other-service-6cdbf9b4cc-h7mqk,/api/v1/orderOtherService/orderOther/tickets,1674992150953000000,1674992150955332885,2332
8e9667df0edc56990f6149fd20ea6609,ff91a2ba337b4008,c61ff0ef2f54fdb7,ts-order-other-service-6cdbf9b4cc-h7mqk,OrderOtherController.getTicketListByDateAndTripId,1674992150888453645,1674992150890591775,2138
8e9667df0edc56990f6149fd20ea6609,6242ef357cf34643,1e7ba49752fb1330,ts-order-other-service-6cdbf9b4cc-h7mqk,OrderOtherController.getTicketListByDateAndTripId,1674992150953328780,1674992150955213748,1884
8e9667df0edc56990f6149fd20ea6609,804f6527e0583d6a,ff91a2ba337b4008,ts-order-other-service-6cdbf9b4cc-h7mqk,OrderOtherRepository.findByTravelDateAndTrainNumber,1674992150888989846,1674992150890110437,1120
8e9667df0edc56990f6149fd20ea6609,036e57bfcf2afb4b,6242ef357cf34643,ts-order-other-service-6cdbf9b4cc-h7mqk,OrderOtherRepository.findByTravelDateAndTrainNumber,1674992150953688907,1674992150954825185,1136
8e9667df0edc56990f6149fd20ea6609,3ae018d51ad0105b,804f6527e0583d6a,ts-order-other-service-6cdbf9b4cc-h7mqk,SELECT Order,1674992150889051835,1674992150890102277,1050
8e9667df0edc56990f6149fd20ea6609,e69810914280220f,036e57bfcf2afb4b,ts-order-other-service-6cdbf9b4cc-h7mqk,SELECT Order,1674992150953739676,1674992150954817955,1078
8e9667df0edc56990f6149fd20ea6609,5bc2c4958f7be5dd,3ae018d51ad0105b,ts-order-other-service-6cdbf9b4cc-h7mqk,SELECT ts.orders_other,1674992150889570946,1674992150890086957,516
8e9667df0edc56990f6149fd20ea6609,66f193a2afa8fd36,e69810914280220f,ts-order-other-service-6cdbf9b4cc-h7mqk,SELECT ts.orders_other,1674992150954217150,1674992150954805428,588
8e9667df0edc56990f6149fd20ea6609,9d1d94238654dd11,87bf4a9236da374f,ts-config-service-5fcd447d84-wxwjd,/api/v1/configservice/configs/{configName},1674992150911000000,1674992150912938672,1938
8e9667df0edc56990f6149fd20ea6609,2e3210bfd1a14e3d,6a5084fdb031632c,ts-config-service-5fcd447d84-wxwjd,/api/v1/configservice/configs/{configName},1674992150958000000,1674992150959240129,1240
8e9667df0edc56990f6149fd20ea6609,b0718b7cd41df444,9d1d94238654dd11,ts-config-service-5fcd447d84-wxwjd,ConfigController.retrieve,1674992150911379281,1674992150912827797,1448
8e9667df0edc56990f6149fd20ea6609,35279a282a526158,2e3210bfd1a14e3d,ts-config-service-5fcd447d84-wxwjd,ConfigController.retrieve,1674992150958198426,1674992150959154976,956
8e9667df0edc56990f6149fd20ea6609,af367300fe612ab7,b0718b7cd41df444,ts-config-service-5fcd447d84-wxwjd,ConfigRepository.findByName,1674992150911759201,1674992150912421530,662
8e9667df0edc56990f6149fd20ea6609,b69a091d6e6e7878,35279a282a526158,ts-config-service-5fcd447d84-wxwjd,ConfigRepository.findByName,1674992150958399948,1674992150958846156,446
8e9667df0edc56990f6149fd20ea6609,e0405859996ce594,af367300fe612ab7,ts-config-service-5fcd447d84-wxwjd,SELECT Config,1674992150911818323,1674992150912418488,600
8e9667df0edc56990f6149fd20ea6609,f09751056176489f,b69a091d6e6e7878,ts-config-service-5fcd447d84-wxwjd,SELECT Config,1674992150958429279,1674992150958844134,414
8e9667df0edc56990f6149fd20ea6609,d51be3330b3f6cc9,e0405859996ce594,ts-config-service-5fcd447d84-wxwjd,SELECT ts.config,1674992150911881843,1674992150912377908,496
8e9667df0edc56990f6149fd20ea6609,6cbc2077a8ccc3ee,f09751056176489f,ts-config-service-5fcd447d84-wxwjd,SELECT ts.config,1674992150958463829,1674992150958815654,351
87713954adb9b406bd14f3589618a5db,10b61ee90a328c22,root,ts-gateway-service-6f6cfc45b-h5m2n,/*,1674992151740000000,1674992152117441100,377441
87713954adb9b406bd14f3589618a5db,7de5b594774d2bdb,10b61ee90a328c22,ts-gateway-service-6f6cfc45b-h5m2n,FilteringWebHandler.handle,1674992151740807751,1674992152117236070,376428
87713954adb9b406bd14f3589618a5db,67bb3f393b531984,10b61ee90a328c22,ts-gateway-service-6f6cfc45b-h5m2n,HTTP POST,1674992151741777160,1674992152117393059,375615
87713954adb9b406bd14f3589618a5db,728c134d598cf495,67bb3f393b531984,ts-travel2-service-5c66d57d58-6mp2b,/api/v1/travel2service/trips/left,1674992151744000000,1674992152116592454,372592
87713954adb9b406bd14f3589618a5db,c19481075fcce004,728c134d598cf495,ts-travel2-service-5c66d57d58-6mp2b,Travel2Controller.queryInfo,1674992151744850382,1674992152116063924,371213
87713954adb9b406bd14f3589618a5db,e5422c0c0db6d30e,c19481075fcce004,ts-travel2-service-5c66d57d58-6mp2b,TripRepository.findAll,1674992151745484173,1674992151748984045,3499
87713954adb9b406bd14f3589618a5db,879991d0a4588b5c,e5422c0c0db6d30e,ts-travel2-service-5c66d57d58-6mp2b,SELECT Trip,1674992151747137101,1674992151747958219,821
87713954adb9b406bd14f3589618a5db,1003665a2092052e,e5422c0c0db6d30e,ts-travel2-service-5c66d57d58-6mp2b,Transaction.commit,1674992151747981543,1674992151748636238,654
87713954adb9b406bd14f3589618a5db,5167a774f0298908,879991d0a4588b5c,ts-travel2-service-5c66d57d58-6mp2b,SELECT ts.trip2,1674992151747248304,1674992151747821629,573
87713954adb9b406bd14f3589618a5db,63373a627192fceb,c19481075fcce004,ts-travel2-service-5c66d57d58-6mp2b,HTTP POST,1674992151749521137,1674992151818922894,69401
87713954adb9b406bd14f3589618a5db,f4a7b3dfe3b42ad0,c19481075fcce004,ts-travel2-service-5c66d57d58-6mp2b,HTTP POST,1674992151820174948,1674992151839223872,19048
87713954adb9b406bd14f3589618a5db,a813f70c716eb41e,c19481075fcce004,ts-travel2-service-5c66d57d58-6mp2b,HTTP POST,1674992151840111782,1674992152113923650,273811
87713954adb9b406bd14f3589618a5db,c9809aad04717d6e,63373a627192fceb,ts-basic-service-5dc8d4f9fd-46997,/api/v1/basicservice/basic/travels,1674992151751000000,1674992151817535610,66535
87713954adb9b406bd14f3589618a5db,988a602895cf8ba4,c9809aad04717d6e,ts-basic-service-5dc8d4f9fd-46997,BasicController.queryForTravels,1674992151751436956,1674992151817367808,65930
87713954adb9b406bd14f3589618a5db,6a18dab8e1d45225,988a602895cf8ba4,ts-basic-service-5dc8d4f9fd-46997,HTTP POST,1674992151752532685,1674992151757377094,4844
87713954adb9b406bd14f3589618a5db,cbbbee769553aeb8,988a602895cf8ba4,ts-basic-service-5dc8d4f9fd-46997,HTTP POST,1674992151757886469,1674992151764424380,6537
87713954adb9b406bd14f3589618a5db,f72e76043dc9e345,988a602895cf8ba4,ts-basic-service-5dc8d4f9fd-46997,HTTP POST,1674992151765279980,1674992151784013556,18733
87713954adb9b406bd14f3589618a5db,3f292812a068577f,988a602895cf8ba4,ts-basic-service-5dc8d4f9fd-46997,HTTP POST,1674992151785231855,1674992151816146396,30914
87713954adb9b406bd14f3589618a5db,3b48bf89c23d61c5,6a18dab8e1d45225,ts-station-service-7f4f5f6f77-5qb6j,/api/v1/stationservice/stations/idlist,1674992151753000000,1674992151756155539,3155
87713954adb9b406bd14f3589618a5db,e11610cf889dd5c6,3b48bf89c23d61c5,ts-station-service-7f4f5f6f77-5qb6j,StationController.queryForIdBatch,1674992151753506933,1674992151755986289,2479
87713954adb9b406bd14f3589618a5db,4e5c81d1ece3278b,e11610cf889dd5c6,ts-station-service-7f4f5f6f77-5qb6j,StationRepository.findByNames,1674992151754121150,1674992151755747311,1626
87713954adb9b406bd14f3589618a5db,ab6dd47c4a031204,4e5c81d1ece3278b,ts-station-service-7f4f5f6f77-5qb6j,SELECT station,1674992151754227682,1674992151755730032,1502
87713954adb9b406bd14f3589618a5db,b295f639d7f77450,ab6dd47c4a031204,ts-station-service-7f4f5f6f77-5qb6j,SELECT ts.station,1674992151754953323,1674992151755659699,706
87713954adb9b406bd14f3589618a5db,0fdd3039cb334dab,cbbbee769553aeb8,ts-train-service-86f5f97bc9-dkqmf,/api/v1/trainservice/trains/byNames,1674992151759000000,1674992151763741328,4741
87713954adb9b406bd14f3589618a5db,880e5dde63c075b3,0fdd3039cb334dab,ts-train-service-86f5f97bc9-dkqmf,TrainController.retrieveByName,1674992151759805575,1674992151763392131,3586
87713954adb9b406bd14f3589618a5db,f5409bfeeefaec4a,880e5dde63c075b3,ts-train-service-86f5f97bc9-dkqmf,TrainTypeRepository.findByNames,1674992151760834364,1674992151762938267,2103
87713954adb9b406bd14f3589618a5db,d26d820bc8a55c6f,f5409bfeeefaec4a,ts-train-service-86f5f97bc9-dkqmf,SELECT train_type,1674992151760999728,1674992151762917438,1917
87713954adb9b406bd14f3589618a5db,1aeb44acf0521fca,d26d820bc8a55c6f,ts-train-service-86f5f97bc9-dkqmf,SELECT ts.train_type,1674992151762004620,1674992151762797301,792
87713954adb9b406bd14f3589618a5db,86dca5d8480545f6,f72e76043dc9e345,ts-route-service-b6c59fb57-zv8dt,/api/v1/routeservice/routes/byIds/,1674992151767000000,1674992151783501279,16501
87713954adb9b406bd14f3589618a5db,975e51af4c29da6f,86dca5d8480545f6,ts-route-service-b6c59fb57-zv8dt,RouteController.queryByIds,1674992151768101986,1674992151783052146,14950
87713954adb9b406bd14f3589618a5db,343e0da1fb4df7ab,975e51af4c29da6f,ts-route-service-b6c59fb57-zv8dt,RouteRepository.findByIds,1674992151769235696,1674992151773194008,3958
87713954adb9b406bd14f3589618a5db,e98d21ef72edd695,343e0da1fb4df7ab,ts-route-service-b6c59fb57-zv8dt,SELECT route,1674992151769444511,1674992151773173446,3728
87713954adb9b406bd14f3589618a5db,06759e5db832a896,e98d21ef72edd695,ts-route-service-b6c59fb57-zv8dt,SELECT ts.route,1674992151772183230,1674992151772996122,812
87713954adb9b406bd14f3589618a5db,6f4d8268d1fa54ad,975e51af4c29da6f,ts-route-service-b6c59fb57-zv8dt,SELECT ts.route_stations,1674992151773488434,1674992151774579472,1091
87713954adb9b406bd14f3589618a5db,905473486d32bd86,975e51af4c29da6f,ts-route-service-b6c59fb57-zv8dt,SELECT ts.route_distances,1674992151774947667,1674992151775915718,968
87713954adb9b406bd14f3589618a5db,895e9074177b0a12,975e51af4c29da6f,ts-route-service-b6c59fb57-zv8dt,SELECT ts.route_stations,1674992151776081159,1674992151777009117,927
87713954adb9b406bd14f3589618a5db,263e452b923e42d8,975e51af4c29da6f,ts-route-service-b6c59fb57-zv8dt,SELECT ts.route_distances,1674992151777173300,1674992151777955936,782
87713954adb9b406bd14f3589618a5db,8ebf92bb2b9c3b4b,975e51af4c29da6f,ts-route-service-b6c59fb57-zv8dt,SELECT ts.route_stations,1674992151778070103,1674992151778743789,673
87713954adb9b406bd14f3589618a5db,43115c1f34450798,975e51af4c29da6f,ts-route-service-b6c59fb57-zv8dt,SELECT ts.route_distances,1674992151778828571,1674992151779532275,703
87713954adb9b406bd14f3589618a5db,61fb9a733dd149aa,975e51af4c29da6f,ts-route-service-b6c59fb57-zv8dt,SELECT ts.route_stations,1674992151779624588,1674992151780362146,737
87713954adb9b406bd14f3589618a5db,e8b8093d07c7c0a7,975e51af4c29da6f,ts-route-service-b6c59fb57-zv8dt,SELECT ts.route_distances,1674992151780523329,1674992151781226931,703
87713954adb9b406bd14f3589618a5db,b50606007b51a6f7,975e51af4c29da6f,ts-route-service-b6c59fb57-zv8dt,SELECT ts.route_stations,1674992151781334320,1674992151781928320,594
87713954adb9b406bd14f3589618a5db,5fc79aa31872ce7d,975e51af4c29da6f,ts-route-service-b6c59fb57-zv8dt,SELECT ts.route_distances,1674992151782022225,1674992151782698690,676
87713954adb9b406bd14f3589618a5db,3e2b0042ddc6c28f,3f292812a068577f,ts-price-service-76846864d9-g465z,/api/v1/priceservice/prices/byRouteIdsAndTrainTypes,1674992151811000000,1674992151816000292,5000
87713954adb9b406bd14f3589618a5db,93a39015239f051e,3e2b0042ddc6c28f,ts-price-service-76846864d9-g465z,PriceController.query,1674992151811780011,1674992151815612057,3832
87713954adb9b406bd14f3589618a5db,73e05a53af07f4a2,93a39015239f051e,ts-price-service-76846864d9-g465z,PriceConfigRepository.findByRouteIdsAndTrainTypes,1674992151812780630,1674992151815124956,2344
87713954adb9b406bd14f3589618a5db,b91a8b2dba7c140c,73e05a53af07f4a2,ts-price-service-76846864d9-g465z,SELECT price_config,1674992151812956058,1674992151815103885,2147
87713954adb9b406bd14f3589618a5db,368a3c34c19f600e,b91a8b2dba7c140c,ts-price-service-76846864d9-g465z,SELECT ts.price_config,1674992151814029160,1674992151814953454,924
87713954adb9b406bd14f3589618a5db,d77e81897bdc9c3a,f4a7b3dfe3b42ad0,ts-seat-service-5c95b49cff-tdsdz,/api/v1/seatservice/seats/left_tickets,1674992151822000000,1674992151837973200,15973
87713954adb9b406bd14f3589618a5db,054cdf59f3e0c385,a813f70c716eb41e,ts-seat-service-5c95b49cff-tdsdz,/api/v1/seatservice/seats/left_tickets,1674992152065000000,1674992152112778604,47778
87713954adb9b406bd14f3589618a5db,9c4b3eab12d05a85,d77e81897bdc9c3a,ts-seat-service-5c95b49cff-tdsdz,SeatController.getLeftTicketOfInterval,1674992151822549522,1674992151837718119,15168
87713954adb9b406bd14f3589618a5db,62a7474d2e01a0da,054cdf59f3e0c385,ts-seat-service-5c95b49cff-tdsdz,SeatController.getLeftTicketOfInterval,1674992152065594067,1674992152112534489,46940
87713954adb9b406bd14f3589618a5db,7329d8ce89a63689,9c4b3eab12d05a85,ts-seat-service-5c95b49cff-tdsdz,HTTP POST,1674992151824711075,1674992151830371138,5660
87713954adb9b406bd14f3589618a5db,dc434f387719aaa1,9c4b3eab12d05a85,ts-seat-service-5c95b49cff-tdsdz,HTTP GET,1674992151831614111,1674992151836325583,4711
87713954adb9b406bd14f3589618a5db,fb5459b1ee4fdc2d,62a7474d2e01a0da,ts-seat-service-5c95b49cff-tdsdz,HTTP POST,1674992152067650725,1674992152073168369,5517
87713954adb9b406bd14f3589618a5db,918d690b587ac7ae,62a7474d2e01a0da,ts-seat-service-5c95b49cff-tdsdz,HTTP GET,1674992152074340193,1674992152111304230,36964
87713954adb9b406bd14f3589618a5db,6f49543876059cb6,7329d8ce89a63689,ts-order-other-service-6cdbf9b4cc-h7mqk,/api/v1/orderOtherService/orderOther/tickets,1674992151826000000,1674992151828649025,2649
87713954adb9b406bd14f3589618a5db,fe009cbb371d77b5,fb5459b1ee4fdc2d,ts-order-other-service-6cdbf9b4cc-h7mqk,/api/v1/orderOtherService/orderOther/tickets,1674992152069000000,1674992152071766412,2766
87713954adb9b406bd14f3589618a5db,fce7b425236ffd6a,6f49543876059cb6,ts-order-other-service-6cdbf9b4cc-h7mqk,OrderOtherController.getTicketListByDateAndTripId,1674992151826421589,1674992151828522785,2101
87713954adb9b406bd14f3589618a5db,5cd4dd88fab72724,fe009cbb371d77b5,ts-order-other-service-6cdbf9b4cc-h7mqk,OrderOtherController.getTicketListByDateAndTripId,1674992152069424160,1674992152071638583,2214
87713954adb9b406bd14f3589618a5db,a583ff7da31a22a3,fce7b425236ffd6a,ts-order-other-service-6cdbf9b4cc-h7mqk,OrderOtherRepository.findByTravelDateAndTrainNumber,1674992151826922501,1674992151828118509,1196
87713954adb9b406bd14f3589618a5db,52bf2f8816c2acde,5cd4dd88fab72724,ts-order-other-service-6cdbf9b4cc-h7mqk,OrderOtherRepository.findByTravelDateAndTrainNumber,1674992152069934305,1674992152071211184,1276
87713954adb9b406bd14f3589618a5db,4b422055a74041ec,a583ff7da31a22a3,ts-order-other-service-6cdbf9b4cc-h7mqk,SELECT Order,1674992151826978301,1674992151828110719,1132
87713954adb9b406bd14f3589618a5db,39be5f94cb34fb25,52bf2f8816c2acde,ts-order-other-service-6cdbf9b4cc-h7mqk,SELECT Order,1674992152069993258,1674992152071203362,1210
87713954adb9b406bd14f3589618a5db,e5c69b7883a29647,4b422055a74041ec,ts-order-other-service-6cdbf9b4cc-h7mqk,SELECT ts.orders_other,1674992151827480624,1674992151828095964,615
87713954adb9b406bd14f3589618a5db,98a2919451b07e73,39be5f94cb34fb25,ts-order-other-service-6cdbf9b4cc-h7mqk,SELECT ts.orders_other,1674992152070518193,1674992152071188133,669
87713954adb9b406bd14f3589618a5db,f3321f3ae62ea769,dc434f387719aaa1,ts-config-service-5fcd447d84-wxwjd,/api/v1/configservice/configs/{configName},1674992151833000000,1674992151835213237,2213
87713954adb9b406bd14f3589618a5db,e4f029d32e02286b,918d690b587ac7ae,ts-config-service-5fcd447d84-wxwjd,/api/v1/configservice/configs/{configName},1674992152076000000,1674992152078208182,2208
87713954adb9b406bd14f3589618a5db,2efab49991661844,f3321f3ae62ea769,ts-config-service-5fcd447d84-wxwjd,ConfigController.retrieve,1674992151833391729,1674992151835082569,1690
87713954adb9b406bd14f3589618a5db,2d8d8576e25d5c82,e4f029d32e02286b,ts-config-service-5fcd447d84-wxwjd,ConfigController.retrieve,1674992152076498840,1674992152078091240,1592
87713954adb9b406bd14f3589618a5db,df6d5a6188036b35,2efab49991661844,ts-config-service-5fcd447d84-wxwjd,ConfigRepository.findByName,1674992151833800097,1674992151834673304,873
87713954adb9b406bd14f3589618a5db,5800bbf6ea1f7423,2d8d8576e25d5c82,ts-config-service-5fcd447d84-wxwjd,ConfigRepository.findByName,1674992152076964920,1674992152077673986,709
87713954adb9b406bd14f3589618a5db,2fc929af038d1ea3,df6d5a6188036b35,ts-config-service-5fcd447d84-wxwjd,SELECT Config,1674992151833869623,1674992151834669967,800
87713954adb9b406bd14f3589618a5db,1287f67403718aba,5800bbf6ea1f7423,ts-config-service-5fcd447d84-wxwjd,SELECT Config,1674992152077029376,1674992152077670726,641
87713954adb9b406bd14f3589618a5db,6bda62e276c593c5,2fc929af038d1ea3,ts-config-service-5fcd447d84-wxwjd,SELECT ts.config,1674992151834285819,1674992151834629895,344
87713954adb9b406bd14f3589618a5db,c05569359a0418ea,1287f67403718aba,ts-config-service-5fcd447d84-wxwjd,SELECT ts.config,1674992152077097221,1674992152077629256,532
7ac5cd29a6c171856d79de5f2573e8ab,69e6d0625b4c325b,root,ts-gateway-service-6f6cfc45b-h5m2n,/*,1674992167526000000,1674992167541722258,15722
7ac5cd29a6c171856d79de5f2573e8ab,726aa306bbadb5f7,69e6d0625b4c325b,ts-gateway-service-6f6cfc45b-h5m2n,FilteringWebHandler.handle,1674992167526831706,1674992167541536071,14704
7ac5cd29a6c171856d79de5f2573e8ab,c9c3659fab9d95f0,69e6d0625b4c325b,ts-gateway-service-6f6cfc45b-h5m2n,HTTP POST,1674992167527774546,1674992167541690621,13916
7ac5cd29a6c171856d79de5f2573e8ab,0b246e98f9150da0,c9c3659fab9d95f0,ts-travel2-service-5c66d57d58-6mp2b,/api/v1/travel2service/trips/left,1674992167530000000,1674992167539489512,9489
7ac5cd29a6c171856d79de5f2573e8ab,199f75c87d7fd3a2,0b246e98f9150da0,ts-travel2-service-5c66d57d58-6mp2b,Travel2Controller.queryInfo,1674992167531076442,1674992167535945709,4869
7ac5cd29a6c171856d79de5f2573e8ab,ce68d9c6090106ee,0b246e98f9150da0,ts-travel2-service-5c66d57d58-6mp2b,BasicErrorController.error,1674992167539000710,1674992167539349998,349
7ac5cd29a6c171856d79de5f2573e8ab,6bd33407f21814e9,199f75c87d7fd3a2,ts-travel2-service-5c66d57d58-6mp2b,TripRepository.findAll,1674992167531750384,1674992167534961753,3211
7ac5cd29a6c171856d79de5f2573e8ab,d5427bac116195c2,6bd33407f21814e9,ts-travel2-service-5c66d57d58-6mp2b,SELECT Trip,1674992167533053449,1674992167533902357,848
7ac5cd29a6c171856d79de5f2573e8ab,862aa93da0cdc933,6bd33407f21814e9,ts-travel2-service-5c66d57d58-6mp2b,Transaction.commit,1674992167533929743,1674992167534618543,688
7ac5cd29a6c171856d79de5f2573e8ab,e96af24c07709867,d5427bac116195c2,ts-travel2-service-5c66d57d58-6mp2b,SELECT ts.trip2,1674992167533170903,1674992167533765847,594
5deb6b7ef3f13fb8d74aaf241c4e9058,9d79bb1cf069b2e5,root,ts-gateway-service-6f6cfc45b-h5m2n,/*,1674992145662000000,1674992146027644341,365644
5deb6b7ef3f13fb8d74aaf241c4e9058,87eea646091e87dc,9d79bb1cf069b2e5,ts-gateway-service-6f6cfc45b-h5m2n,FilteringWebHandler.handle,1674992145662948298,1674992146027475852,364527
5deb6b7ef3f13fb8d74aaf241c4e9058,e10ee2cfdc5544dc,9d79bb1cf069b2e5,ts-gateway-service-6f6cfc45b-h5m2n,HTTP POST,1674992145663989059,1674992146027619430,363630
5deb6b7ef3f13fb8d74aaf241c4e9058,b8a81a6d07fc3f9c,e10ee2cfdc5544dc,ts-travel-service-64469b5b48-25zj6,/api/v1/travelservice/trips/left,1674992145666000000,1674992146026820086,360820
5deb6b7ef3f13fb8d74aaf241c4e9058,f7260491be416983,b8a81a6d07fc3f9c,ts-travel-service-64469b5b48-25zj6,TravelController.queryInfo,1674992145667065410,1674992146026397765,359332
5deb6b7ef3f13fb8d74aaf241c4e9058,a9c7c8c5168acba5,f7260491be416983,ts-travel-service-64469b5b48-25zj6,TripRepository.findAll,1674992145667870467,1674992145670037688,2167
5deb6b7ef3f13fb8d74aaf241c4e9058,a29066ab3ac509b1,a9c7c8c5168acba5,ts-travel-service-64469b5b48-25zj6,SELECT Trip,1674992145668834622,1674992145669503561,668
5deb6b7ef3f13fb8d74aaf241c4e9058,85c1d0223c1758a3,a9c7c8c5168acba5,ts-travel-service-64469b5b48-25zj6,Transaction.commit,1674992145669535276,1674992145669882086,346
5deb6b7ef3f13fb8d74aaf241c4e9058,2f10b1a694cd6c81,a29066ab3ac509b1,ts-travel-service-64469b5b48-25zj6,SELECT ts.trip,1674992145668971450,1674992145669351042,379
5deb6b7ef3f13fb8d74aaf241c4e9058,260fc9b245501e93,f7260491be416983,ts-travel-service-64469b5b48-25zj6,HTTP POST,1674992145671086038,1674992145940370206,269284
5deb6b7ef3f13fb8d74aaf241c4e9058,fae6bc2521535e66,f7260491be416983,ts-travel-service-64469b5b48-25zj6,HTTP POST,1674992145941700617,1674992145975904938,34204
5deb6b7ef3f13fb8d74aaf241c4e9058,1804f37643f71327,f7260491be416983,ts-travel-service-64469b5b48-25zj6,HTTP POST,1674992145976499021,1674992146025315861,48816
5deb6b7ef3f13fb8d74aaf241c4e9058,4e52b09068551df6,260fc9b245501e93,ts-basic-service-5dc8d4f9fd-46997,/api/v1/basicservice/basic/travels,1674992145672000000,1674992145939295767,267295
5deb6b7ef3f13fb8d74aaf241c4e9058,b251222158e72cd6,4e52b09068551df6,ts-basic-service-5dc8d4f9fd-46997,BasicController.queryForTravels,1674992145672494045,1674992145939161323,266667
5deb6b7ef3f13fb8d74aaf241c4e9058,504a4a2c323f214e,b251222158e72cd6,ts-basic-service-5dc8d4f9fd-46997,HTTP POST,1674992145673637549,1674992145677870166,4232
5deb6b7ef3f13fb8d74aaf241c4e9058,42e5b576dd9df9fb,b251222158e72cd6,ts-basic-service-5dc8d4f9fd-46997,HTTP POST,1674992145678391446,1674992145908796328,230404
5deb6b7ef3f13fb8d74aaf241c4e9058,2c90479c6d57308c,b251222158e72cd6,ts-basic-service-5dc8d4f9fd-46997,HTTP POST,1674992145910795647,1674992145928967866,18172
5deb6b7ef3f13fb8d74aaf241c4e9058,f69e34961c5c7818,b251222158e72cd6,ts-basic-service-5dc8d4f9fd-46997,HTTP POST,1674992145930462003,1674992145937891761,7429
5deb6b7ef3f13fb8d74aaf241c4e9058,5d0903b1f54c6585,504a4a2c323f214e,ts-station-service-7f4f5f6f77-5qb6j,/api/v1/stationservice/stations/idlist,1674992145675000000,1674992145678021337,3021
5deb6b7ef3f13fb8d74aaf241c4e9058,283678cff3c5bf7e,5d0903b1f54c6585,ts-station-service-7f4f5f6f77-5qb6j,StationController.queryForIdBatch,1674992145675499119,1674992145677849681,2350
5deb6b7ef3f13fb8d74aaf241c4e9058,849a59a79a84fba4,283678cff3c5bf7e,ts-station-service-7f4f5f6f77-5qb6j,StationRepository.findByNames,1674992145676153794,1674992145677599877,1446
5deb6b7ef3f13fb8d74aaf241c4e9058,b14caf543415e934,849a59a79a84fba4,ts-station-service-7f4f5f6f77-5qb6j,SELECT station,1674992145676268475,1674992145677588156,1319
5deb6b7ef3f13fb8d74aaf241c4e9058,1d63b0fda23a42de,b14caf543415e934,ts-station-service-7f4f5f6f77-5qb6j,SELECT ts.station,1674992145676944179,1674992145677528173,583
5deb6b7ef3f13fb8d74aaf241c4e9058,abc71636cd832daa,42e5b576dd9df9fb,ts-train-service-86f5f97bc9-dkqmf,/api/v1/trainservice/trains/byNames,1674992145903000000,1674992145908857993,5857
5deb6b7ef3f13fb8d74aaf241c4e9058,56841053e0d46aeb,abc71636cd832daa,ts-train-service-86f5f97bc9-dkqmf,TrainController.retrieveByName,1674992145903962219,1674992145908439648,4477
5deb6b7ef3f13fb8d74aaf241c4e9058,cfc3ce3aba486f23,56841053e0d46aeb,ts-train-service-86f5f97bc9-dkqmf,TrainTypeRepository.findByNames,1674992145905073293,1674992145907873413,2800
5deb6b7ef3f13fb8d74aaf241c4e9058,a42010b5a529d175,cfc3ce3aba486f23,ts-train-service-86f5f97bc9-dkqmf,SELECT train_type,1674992145905264264,1674992145907850278,2586
5deb6b7ef3f13fb8d74aaf241c4e9058,8098033e848864b7,a42010b5a529d175,ts-train-service-86f5f97bc9-dkqmf,SELECT ts.train_type,1674992145906761268,1674992145907717752,956
5deb6b7ef3f13fb8d74aaf241c4e9058,9ab63b8e60dcabb7,2c90479c6d57308c,ts-route-service-b6c59fb57-zv8dt,/api/v1/routeservice/routes/byIds/,1674992145913000000,1674992145928499245,15499
5deb6b7ef3f13fb8d74aaf241c4e9058,e8eb7e5dcb801c11,9ab63b8e60dcabb7,ts-route-service-b6c59fb57-zv8dt,RouteController.queryByIds,1674992145913996982,1674992145928048716,14051
5deb6b7ef3f13fb8d74aaf241c4e9058,5b46f28e71e6ef00,e8eb7e5dcb801c11,ts-route-service-b6c59fb57-zv8dt,RouteRepository.findByIds,1674992145915166699,1674992145917906220,2739
5deb6b7ef3f13fb8d74aaf241c4e9058,2af9509724feaba7,5b46f28e71e6ef00,ts-route-service-b6c59fb57-zv8dt,SELECT route,1674992145915406209,1674992145917879642,2473
5deb6b7ef3f13fb8d74aaf241c4e9058,c16a7706f17fcaa2,2af9509724feaba7,ts-route-service-b6c59fb57-zv8dt,SELECT ts.route,1674992145916693937,1674992145917632030,938
5deb6b7ef3f13fb8d74aaf241c4e9058,9587aefb09b6647f,e8eb7e5dcb801c11,ts-route-service-b6c59fb57-zv8dt,SELECT ts.route_stations,1674992145918301019,1674992145919237516,936
5deb6b7ef3f13fb8d74aaf241c4e9058,37dab88920ccbe25,e8eb7e5dcb801c11,ts-route-service-b6c59fb57-zv8dt,SELECT ts.route_distances,1674992145919476512,1674992145920370963,894
5deb6b7ef3f13fb8d74aaf241c4e9058,37050f92b2409f8e,e8eb7e5dcb801c11,ts-route-service-b6c59fb57-zv8dt,SELECT ts.route_stations,1674992145920530824,1674992145921368368,837
5deb6b7ef3f13fb8d74aaf241c4e9058,3699e0c5579755c8,e8eb7e5dcb801c11,ts-route-service-b6c59fb57-zv8dt,SELECT ts.route_distances,1674992145921464059,1674992145922246798,782
5deb6b7ef3f13fb8d74aaf241c4e9058,6b030831d875b882,e8eb7e5dcb801c11,ts-route-service-b6c59fb57-zv8dt,SELECT ts.route_stations,1674992145922344457,1674992145923134794,790
5deb6b7ef3f13fb8d74aaf241c4e9058,fba357da0e1344b4,e8eb7e5dcb801c11,ts-route-service-b6c59fb57-zv8dt,SELECT ts.route_distances,1674992145923232966,1674992145924146298,913
5deb6b7ef3f13fb8d74aaf241c4e9058,bcd9f6fb4fe92be5,e8eb7e5dcb801c11,ts-route-service-b6c59fb57-zv8dt,SELECT ts.route_stations,1674992145924253676,1674992145925043394,789
5deb6b7ef3f13fb8d74aaf241c4e9058,1492990f7b92a321,e8eb7e5dcb801c11,ts-route-service-b6c59fb57-zv8dt,SELECT ts.route_distances,1674992145925132842,1674992145925930412,797
5deb6b7ef3f13fb8d74aaf241c4e9058,f39f11d910902c39,e8eb7e5dcb801c11,ts-route-service-b6c59fb57-zv8dt,SELECT ts.route_stations,1674992145926028834,1674992145926801637,772
5deb6b7ef3f13fb8d74aaf241c4e9058,250a9bcc67510d9e,e8eb7e5dcb801c11,ts-route-service-b6c59fb57-zv8dt,SELECT ts.route_distances,1674992145926897959,1674992145927708669,810
5deb6b7ef3f13fb8d74aaf241c4e9058,b8d393a028d8a5a9,f69e34961c5c7818,ts-price-service-76846864d9-g465z,/api/v1/priceservice/prices/byRouteIdsAndTrainTypes,1674992145932000000,1674992145937708768,5708
5deb6b7ef3f13fb8d74aaf241c4e9058,0660253f15a0e1ce,b8d393a028d8a5a9,ts-price-service-76846864d9-g465z,PriceController.query,1674992145932989545,1674992145937299256,4309
5deb6b7ef3f13fb8d74aaf241c4e9058,1958dda754b72197,0660253f15a0e1ce,ts-price-service-76846864d9-g465z,PriceConfigRepository.findByRouteIdsAndTrainTypes,1674992145934304397,1674992145936533320,2228
5deb6b7ef3f13fb8d74aaf241c4e9058,516c9ffda0c9e5da,1958dda754b72197,ts-price-service-76846864d9-g465z,SELECT price_config,1674992145934495091,1674992145936513653,2018
5deb6b7ef3f13fb8d74aaf241c4e9058,73c8e060d248ed6d,516c9ffda0c9e5da,ts-price-service-76846864d9-g465z,SELECT ts.price_config,1674992145935557364,1674992145936374447,817
5deb6b7ef3f13fb8d74aaf241c4e9058,58b182f0f210c218,fae6bc2521535e66,ts-seat-service-5c95b49cff-tdsdz,/api/v1/seatservice/seats/left_tickets,1674992145943000000,1674992145974449506,31449
5deb6b7ef3f13fb8d74aaf241c4e9058,f59f54dc90e73d87,1804f37643f71327,ts-seat-service-5c95b49cff-tdsdz,/api/v1/seatservice/seats/left_tickets,1674992145978000000,1674992146024064285,46064
5deb6b7ef3f13fb8d74aaf241c4e9058,e3cc2747277b30a8,58b182f0f210c218,ts-seat-service-5c95b49cff-tdsdz,SeatController.getLeftTicketOfInterval,1674992145943612007,1674992145974209354,30597
5deb6b7ef3f13fb8d74aaf241c4e9058,d9c9929555a05bfe,f59f54dc90e73d87,ts-seat-service-5c95b49cff-tdsdz,SeatController.getLeftTicketOfInterval,1674992145978393144,1674992146023854735,45461
5deb6b7ef3f13fb8d74aaf241c4e9058,75530e6a0e0c053f,e3cc2747277b30a8,ts-seat-service-5c95b49cff-tdsdz,HTTP POST,1674992145945901967,1674992145966390154,20488
5deb6b7ef3f13fb8d74aaf241c4e9058,fb15d17a55012479,e3cc2747277b30a8,ts-seat-service-5c95b49cff-tdsdz,HTTP GET,1674992145967680268,1674992145972911169,5230
5deb6b7ef3f13fb8d74aaf241c4e9058,cdfccb52b24ef0e2,d9c9929555a05bfe,ts-seat-service-5c95b49cff-tdsdz,HTTP POST,1674992145979917660,1674992146002396692,22479
5deb6b7ef3f13fb8d74aaf241c4e9058,d89d5ef747292307,d9c9929555a05bfe,ts-seat-service-5c95b49cff-tdsdz,HTTP GET,1674992146003359657,1674992146022715240,19355
5deb6b7ef3f13fb8d74aaf241c4e9058,c89cf044f53b08d7,75530e6a0e0c053f,ts-order-service-5b67c48447-mv5hb,/api/v1/orderservice/order/tickets,1674992145948000000,1674992145951201048,3201
5deb6b7ef3f13fb8d74aaf241c4e9058,9a71be8ba11bcc40,cdfccb52b24ef0e2,ts-order-service-5b67c48447-mv5hb,/api/v1/orderservice/order/tickets,1674992145982000000,1674992145984938871,2938
5deb6b7ef3f13fb8d74aaf241c4e9058,6039e716c350ca48,c89cf044f53b08d7,ts-order-service-5b67c48447-mv5hb,OrderController.getTicketListByDateAndTripId,1674992145948395554,1674992145951078156,2682
5deb6b7ef3f13fb8d74aaf241c4e9058,514b7c03615464f5,9a71be8ba11bcc40,ts-order-service-5b67c48447-mv5hb,OrderController.getTicketListByDateAndTripId,1674992145982303734,1674992145984803468,2499
5deb6b7ef3f13fb8d74aaf241c4e9058,dc7362486944b495,6039e716c350ca48,ts-order-service-5b67c48447-mv5hb,OrderRepository.findByTravelDateAndTrainNumber,1674992145948995874,1674992145950607926,1612
5deb6b7ef3f13fb8d74aaf241c4e9058,7049c8f4767e4d46,514b7c03615464f5,ts-order-service-5b67c48447-mv5hb,OrderRepository.findByTravelDateAndTrainNumber,1674992145982772274,1674992145984297901,1525
5deb6b7ef3f13fb8d74aaf241c4e9058,2d67d61dc5a881d0,dc7362486944b495,ts-order-service-5b67c48447-mv5hb,SELECT Order,1674992145949069058,1674992145950597240,1528
5deb6b7ef3f13fb8d74aaf241c4e9058,4f4cec0515529519,7049c8f4767e4d46,ts-order-service-5b67c48447-mv5hb,SELECT Order,1674992145982826008,1674992145984285422,1459
5deb6b7ef3f13fb8d74aaf241c4e9058,0f93c00a363b27c3,2d67d61dc5a881d0,ts-order-service-5b67c48447-mv5hb,SELECT ts.orders,1674992145949708774,1674992145950584990,876
5deb6b7ef3f13fb8d74aaf241c4e9058,927eff4eae46202e,4f4cec0515529519,ts-order-service-5b67c48447-mv5hb,SELECT ts.orders,1674992145983457710,1674992145984272886,815
5deb6b7ef3f13fb8d74aaf241c4e9058,86e805e2e5a920f9,fb15d17a55012479,ts-config-service-5fcd447d84-wxwjd,/api/v1/configservice/configs/{configName},1674992145970000000,1674992145972441555,2441
5deb6b7ef3f13fb8d74aaf241c4e9058,4a834949dc4dca91,d89d5ef747292307,ts-config-service-5fcd447d84-wxwjd,/api/v1/configservice/configs/{configName},1674992146007000000,1674992146008467990,1467
5deb6b7ef3f13fb8d74aaf241c4e9058,5c15da421c91da3a,86e805e2e5a920f9,ts-config-service-5fcd447d84-wxwjd,ConfigController.retrieve,1674992145970454405,1674992145972320778,1866
5deb6b7ef3f13fb8d74aaf241c4e9058,314fb8d2cf6a7e25,4a834949dc4dca91,ts-config-service-5fcd447d84-wxwjd,ConfigController.retrieve,1674992146007387554,1674992146008389579,1002
5deb6b7ef3f13fb8d74aaf241c4e9058,360c82dc840e155e,5c15da421c91da3a,ts-config-service-5fcd447d84-wxwjd,ConfigRepository.findByName,1674992145970886300,1674992145971829889,943
5deb6b7ef3f13fb8d74aaf241c4e9058,ca4a427cea3636ce,314fb8d2cf6a7e25,ts-config-service-5fcd447d84-wxwjd,ConfigRepository.findByName,1674992146007622876,1674992146008083886,461
5deb6b7ef3f13fb8d74aaf241c4e9058,8ec0ddf9a58c195c,360c82dc840e155e,ts-config-service-5fcd447d84-wxwjd,SELECT Config,1674992145970950810,1674992145971825083,874
5deb6b7ef3f13fb8d74aaf241c4e9058,e7ac1ae18d084321,ca4a427cea3636ce,ts-config-service-5fcd447d84-wxwjd,SELECT Config,1674992146007652717,1674992146008081393,428
5deb6b7ef3f13fb8d74aaf241c4e9058,26a372deb4621f6b,8ec0ddf9a58c195c,ts-config-service-5fcd447d84-wxwjd,SELECT ts.config,1674992145971410755,1674992145971777047,366
5deb6b7ef3f13fb8d74aaf241c4e9058,1bb1f4568766cac7,e7ac1ae18d084321,ts-config-service-5fcd447d84-wxwjd,SELECT ts.config,1674992146007687202,1674992146008062503,375
438c5f5f537913d4acedf7bb1a71dedf,4249d4765c70eb64,root,ts-gateway-service-6f6cfc45b-h5m2n,/*,1674992147550000000,1674992148068980549,518980
438c5f5f537913d4acedf7bb1a71dedf,a3945f943604f22d,4249d4765c70eb64,ts-gateway-service-6f6cfc45b-h5m2n,FilteringWebHandler.handle,1674992147550632749,1674992148068774095,518141
438c5f5f537913d4acedf7bb1a71dedf,53bdfcc7c63d0440,4249d4765c70eb64,ts-gateway-service-6f6cfc45b-h5m2n,HTTP POST,1674992147551496380,1674992148068944080,517447
438c5f5f537913d4acedf7bb1a71dedf,7dbfc32c001ba9f4,53bdfcc7c63d0440,ts-preserve-service-b5ccf8557-j4txs,/api/v1/preserveservice/preserve,1674992147553000000,1674992148066316514,513316
438c5f5f537913d4acedf7bb1a71dedf,162383294dc38457,7dbfc32c001ba9f4,ts-preserve-service-b5ccf8557-j4txs,PreserveController.preserve,1674992147554320899,1674992148065843096,511522
438c5f5f537913d4acedf7bb1a71dedf,36616f47814ea77b,162383294dc38457,ts-preserve-service-b5ccf8557-j4txs,HTTP GET,1674992147555372388,1674992147592758724,37386
438c5f5f537913d4acedf7bb1a71dedf,d12843441c9ac2e8,162383294dc38457,ts-preserve-service-b5ccf8557-j4txs,HTTP GET,1674992147593852888,1674992147606049540,12196
438c5f5f537913d4acedf7bb1a71dedf,a947a6c8624ff31b,162383294dc38457,ts-preserve-service-b5ccf8557-j4txs,HTTP POST,1674992147607324882,1674992147875657038,268332
438c5f5f537913d4acedf7bb1a71dedf,101427f24bbd10c3,162383294dc38457,ts-preserve-service-b5ccf8557-j4txs,HTTP POST,1674992147876619705,1674992147915936450,39316
438c5f5f537913d4acedf7bb1a71dedf,79eafeac9520e1d8,162383294dc38457,ts-preserve-service-b5ccf8557-j4txs,HTTP POST,1674992147916542069,1674992148006379185,89837
438c5f5f537913d4acedf7bb1a71dedf,6884bdcac3c9d24a,162383294dc38457,ts-preserve-service-b5ccf8557-j4txs,HTTP POST,1674992148007418228,1674992148030086868,22668
438c5f5f537913d4acedf7bb1a71dedf,b04069c16efd849a,162383294dc38457,ts-preserve-service-b5ccf8557-j4txs,HTTP GET,1674992148031032876,1674992148055980180,24947
438c5f5f537913d4acedf7bb1a71dedf,00dceee9b479a9c3,162383294dc38457,ts-preserve-service-b5ccf8557-j4txs,HTTP GET,1674992148057497322,1674992148064697487,7200
438c5f5f537913d4acedf7bb1a71dedf,8fca8acafcaa6cb6,36616f47814ea77b,ts-security-service-cb9788d56-mrzv2,/api/v1/securityservice/securityConfigs/{accountId},1674992147557000000,1674992147593374551,36374
438c5f5f537913d4acedf7bb1a71dedf,2f946ea17624cbc9,8fca8acafcaa6cb6,ts-security-service-cb9788d56-mrzv2,SecurityController.check,1674992147558431653,1674992147592902676,34471
438c5f5f537913d4acedf7bb1a71dedf,18e61f2180531c94,2f946ea17624cbc9,ts-security-service-cb9788d56-mrzv2,HTTP GET,1674992147559353141,1674992147576844336,17491
438c5f5f537913d4acedf7bb1a71dedf,a5316a5cf11a8d95,2f946ea17624cbc9,ts-security-service-cb9788d56-mrzv2,HTTP GET,1674992147577524219,1674992147589933789,12409
438c5f5f537913d4acedf7bb1a71dedf,2bc252b7a48d33ab,18e61f2180531c94,ts-order-service-5b67c48447-mv5hb,/api/v1/orderservice/order/security/{checkDate}/{accountId},1674992147560000000,1674992147575868967,15868
438c5f5f537913d4acedf7bb1a71dedf,8730711206f37e6b,74428221f617be59,ts-order-service-5b67c48447-mv5hb,/api/v1/orderservice/order/tickets,1674992147680000000,1674992147695149225,15149
438c5f5f537913d4acedf7bb1a71dedf,2af41a7a208b24bb,2fa00c2bbe017f1a,ts-order-service-5b67c48447-mv5hb,/api/v1/orderservice/order/tickets,1674992147731000000,1674992147746359330,15359
438c5f5f537913d4acedf7bb1a71dedf,7e360154d22a10bd,0282ad4206d04430,ts-order-service-5b67c48447-mv5hb,/api/v1/orderservice/order/tickets,1674992147923000000,1674992147938783432,15783
438c5f5f537913d4acedf7bb1a71dedf,6530be6c51205d7b,6884bdcac3c9d24a,ts-order-service-5b67c48447-mv5hb,/api/v1/orderservice/order,1674992148009000000,1674992148030094815,21094
438c5f5f537913d4acedf7bb1a71dedf,e06cb0dedc7336e7,2bc252b7a48d33ab,ts-order-service-5b67c48447-mv5hb,OrderController.securityInfoCheck,1674992147560455839,1674992147575640751,15184
438c5f5f537913d4acedf7bb1a71dedf,7a464b33e9353969,8730711206f37e6b,ts-order-service-5b67c48447-mv5hb,OrderController.getTicketListByDateAndTripId,1674992147680192026,1674992147694908641,14716
438c5f5f537913d4acedf7bb1a71dedf,e4d1c64fa5d87ef2,2af41a7a208b24bb,ts-order-service-5b67c48447-mv5hb,OrderController.getTicketListByDateAndTripId,1674992147731205861,1674992147745753377,14547
438c5f5f537913d4acedf7bb1a71dedf,e0d7145d5c9829ff,7e360154d22a10bd,ts-order-service-5b67c48447-mv5hb,OrderController.getTicketListByDateAndTripId,1674992147923333650,1674992147938526224,15192
438c5f5f537913d4acedf7bb1a71dedf,38dacfa4186750a0,6530be6c51205d7b,ts-order-service-5b67c48447-mv5hb,OrderController.createNewOrder,1674992148009616923,1674992148029747144,20130
438c5f5f537913d4acedf7bb1a71dedf,f3443124b86532b1,e06cb0dedc7336e7,ts-order-service-5b67c48447-mv5hb,OrderRepository.findByAccountId,1674992147560920094,1674992147573968260,13048
438c5f5f537913d4acedf7bb1a71dedf,beb60eee227428eb,7a464b33e9353969,ts-order-service-5b67c48447-mv5hb,OrderRepository.findByTravelDateAndTrainNumber,1674992147680482693,1674992147693251332,12768
438c5f5f537913d4acedf7bb1a71dedf,a3f8a7ef6ba4fc36,e4d1c64fa5d87ef2,ts-order-service-5b67c48447-mv5hb,OrderRepository.findByTravelDateAndTrainNumber,1674992147731520399,1674992147744357880,12837
438c5f5f537913d4acedf7bb1a71dedf,8d808af567c105ed,e0d7145d5c9829ff,ts-order-service-5b67c48447-mv5hb,OrderRepository.findByTravelDateAndTrainNumber,1674992147923820238,1674992147937064429,13244
438c5f5f537913d4acedf7bb1a71dedf,6f2558216d1d6e5a,38dacfa4186750a0,ts-order-service-5b67c48447-mv5hb,OrderRepository.findByAccountId,1674992148010288855,1674992148023146189,12857
438c5f5f537913d4acedf7bb1a71dedf,1ff9367e57a97ca6,38dacfa4186750a0,ts-order-service-5b67c48447-mv5hb,OrderRepository.save,1674992148023197261,1674992148029118629,5921
438c5f5f537913d4acedf7bb1a71dedf,7ad11f8c90015c61,f3443124b86532b1,ts-order-service-5b67c48447-mv5hb,SELECT Order,1674992147560975085,1674992147573958071,12982
438c5f5f537913d4acedf7bb1a71dedf,3953dcca1efbeed3,beb60eee227428eb,ts-order-service-5b67c48447-mv5hb,SELECT Order,1674992147680515639,1674992147693239903,12724
438c5f5f537913d4acedf7bb1a71dedf,c50d6dde5ecbb370,a3f8a7ef6ba4fc36,ts-order-service-5b67c48447-mv5hb,SELECT Order,1674992147731557040,1674992147744343939,12786
438c5f5f537913d4acedf7bb1a71dedf,63c57ab8783f5c3a,8d808af567c105ed,ts-order-service-5b67c48447-mv5hb,SELECT Order,1674992147923875860,1674992147937033077,13157
438c5f5f537913d4acedf7bb1a71dedf,84475e0aced5c1b6,6f2558216d1d6e5a,ts-order-service-5b67c48447-mv5hb,SELECT Order,1674992148010346269,1674992148023132744,12786
438c5f5f537913d4acedf7bb1a71dedf,cdd7034ec90745a8,1ff9367e57a97ca6,ts-order-service-5b67c48447-mv5hb,Session.merge order.entity.Order,1674992148023781649,1674992148024833567,1051
438c5f5f537913d4acedf7bb1a71dedf,48a3d721b1a8e6f9,1ff9367e57a97ca6,ts-order-service-5b67c48447-mv5hb,Transaction.commit,1674992148024851532,1674992148029095637,4244
438c5f5f537913d4acedf7bb1a71dedf,ecf502ef56723baa,7ad11f8c90015c61,ts-order-service-5b67c48447-mv5hb,SELECT ts.orders,1674992147561042840,1674992147568672675,7629
438c5f5f537913d4acedf7bb1a71dedf,ef0531cfbe7752ac,3953dcca1efbeed3,ts-order-service-5b67c48447-mv5hb,SELECT ts.orders,1674992147680562317,1674992147687870206,7307
438c5f5f537913d4acedf7bb1a71dedf,247130e84572ce5f,c50d6dde5ecbb370,ts-order-service-5b67c48447-mv5hb,SELECT ts.orders,1674992147731613018,1674992147738963971,7350
438c5f5f537913d4acedf7bb1a71dedf,70cb9a5349ffac77,63c57ab8783f5c3a,ts-order-service-5b67c48447-mv5hb,SELECT ts.orders,1674992147923956163,1674992147931718985,7762
438c5f5f537913d4acedf7bb1a71dedf,be43daa9e4476c9a,84475e0aced5c1b6,ts-order-service-5b67c48447-mv5hb,SELECT ts.orders,1674992148010413035,1674992148017840451,7427
438c5f5f537913d4acedf7bb1a71dedf,1b1271f13274d894,cdd7034ec90745a8,ts-order-service-5b67c48447-mv5hb,SELECT ts.orders,1674992148023876269,1674992148024376340,500
438c5f5f537913d4acedf7bb1a71dedf,93f6b376c4c39165,48a3d721b1a8e6f9,ts-order-service-5b67c48447-mv5hb,INSERT ts.orders,1674992148025613486,1674992148028266273,2652
438c5f5f537913d4acedf7bb1a71dedf,aa14f2e981a424e2,a5316a5cf11a8d95,ts-order-other-service-6cdbf9b4cc-h7mqk,/api/v1/orderOtherService/orderOther/security/{checkDate}/{accountId},1674992147578000000,1674992147588747307,10747
438c5f5f537913d4acedf7bb1a71dedf,41bdc9d575c3dfd9,aa14f2e981a424e2,ts-order-other-service-6cdbf9b4cc-h7mqk,OrderOtherController.securityInfoCheck,1674992147578503734,1674992147588500919,9997
438c5f5f537913d4acedf7bb1a71dedf,c24edbc6bc9618ae,41bdc9d575c3dfd9,ts-order-other-service-6cdbf9b4cc-h7mqk,OrderOtherRepository.findByAccountId,1674992147578972017,1674992147587352540,8380
438c5f5f537913d4acedf7bb1a71dedf,d7feb1993fa1527c,c24edbc6bc9618ae,ts-order-other-service-6cdbf9b4cc-h7mqk,SELECT Order,1674992147579028069,1674992147587340964,8312
438c5f5f537913d4acedf7bb1a71dedf,e069c47bf7ce2124,d7feb1993fa1527c,ts-order-other-service-6cdbf9b4cc-h7mqk,SELECT ts.orders_other,1674992147579591322,1674992147584111685,4520
438c5f5f537913d4acedf7bb1a71dedf,63b2811af2281e12,2f946ea17624cbc9,ts-security-service-cb9788d56-mrzv2,SecurityRepository.findByName,1674992147590298754,1674992147591647605,1348
438c5f5f537913d4acedf7bb1a71dedf,fe80e13098f8ff05,2f946ea17624cbc9,ts-security-service-cb9788d56-mrzv2,SecurityRepository.findByName,1674992147591660360,1674992147592253014,592
438c5f5f537913d4acedf7bb1a71dedf,2d2e795d01fcbcfb,63b2811af2281e12,ts-security-service-cb9788d56-mrzv2,SELECT SecurityConfig,1674992147590435947,1674992147591640270,1204
438c5f5f537913d4acedf7bb1a71dedf,fd4ff30a97e3900f,fe80e13098f8ff05,ts-security-service-cb9788d56-mrzv2,SELECT SecurityConfig,1674992147591711376,1674992147592248391,537
438c5f5f537913d4acedf7bb1a71dedf,446355a76a19af67,2d2e795d01fcbcfb,ts-security-service-cb9788d56-mrzv2,SELECT ts.security_config,1674992147590973601,1674992147591396460,422
438c5f5f537913d4acedf7bb1a71dedf,6027e2f11608a8d3,fd4ff30a97e3900f,ts-security-service-cb9788d56-mrzv2,SELECT ts.security_config,1674992147591777628,1674992147592113302,335
438c5f5f537913d4acedf7bb1a71dedf,57daabf4e6257594,d12843441c9ac2e8,ts-contacts-service-866bd68c97-xcqfx,/api/v1/contactservice/contacts/{id},1674992147596000000,1674992147606530114,10530
438c5f5f537913d4acedf7bb1a71dedf,fe058c9885001c4f,57daabf4e6257594,ts-contacts-service-866bd68c97-xcqfx,ContactsController.getContactsByContactsId,1674992147597453739,1674992147605796743,8343
438c5f5f537913d4acedf7bb1a71dedf,106825fd84a66c2f,fe058c9885001c4f,ts-contacts-service-866bd68c97-xcqfx,ContactsRepository.findById,1674992147599061705,1674992147604590273,5528
438c5f5f537913d4acedf7bb1a71dedf,cebf1a92a1772d32,106825fd84a66c2f,ts-contacts-service-866bd68c97-xcqfx,Session.find contacts.entity.Contacts,1674992147600934121,1674992147602633629,1699
438c5f5f537913d4acedf7bb1a71dedf,c866b217274fd624,106825fd84a66c2f,ts-contacts-service-866bd68c97-xcqfx,Transaction.commit,1674992147602670447,1674992147604036103,1365
438c5f5f537913d4acedf7bb1a71dedf,5bf50a3777602d0d,cebf1a92a1772d32,ts-contacts-service-866bd68c97-xcqfx,SELECT ts.contacts,1674992147601171192,1674992147602095076,923
438c5f5f537913d4acedf7bb1a71dedf,0cded5cd5c2da8da,a947a6c8624ff31b,ts-travel-service-64469b5b48-25zj6,/api/v1/travelservice/trip_detail,1674992147609000000,1674992147876110178,267110
438c5f5f537913d4acedf7bb1a71dedf,c6bf6f0fe301ff86,0cded5cd5c2da8da,ts-travel-service-64469b5b48-25zj6,TravelController.getTripAllDetailInfo,1674992147610011022,1674992147875740749,265729
438c5f5f537913d4acedf7bb1a71dedf,96e39adf07de38ae,c6bf6f0fe301ff86,ts-travel-service-64469b5b48-25zj6,TripRepository.findByTripId,1674992147610514048,1674992147612746755,2232
438c5f5f537913d4acedf7bb1a71dedf,2b633ce6684cb039,c6bf6f0fe301ff86,ts-travel-service-64469b5b48-25zj6,TripRepository.findByTripId,1674992147874677843,1674992147875468488,790
438c5f5f537913d4acedf7bb1a71dedf,075c54c3744c16b7,96e39adf07de38ae,ts-travel-service-64469b5b48-25zj6,SELECT Trip,1674992147610630465,1674992147612735582,2105
438c5f5f537913d4acedf7bb1a71dedf,e0f6872b766bcd47,2b633ce6684cb039,ts-travel-service-64469b5b48-25zj6,SELECT Trip,1674992147874786050,1674992147875462558,676
438c5f5f537913d4acedf7bb1a71dedf,ab67566829eb3924,075c54c3744c16b7,ts-travel-service-64469b5b48-25zj6,SELECT ts.trip,1674992147611618350,1674992147612602472,984
438c5f5f537913d4acedf7bb1a71dedf,5d57372b294c79b3,e0f6872b766bcd47,ts-travel-service-64469b5b48-25zj6,SELECT ts.trip,1674992147874913003,1674992147875399252,486
438c5f5f537913d4acedf7bb1a71dedf,783108d985c4fd55,c6bf6f0fe301ff86,ts-travel-service-64469b5b48-25zj6,HTTP POST,1674992147613836869,1674992147652957906,39121
438c5f5f537913d4acedf7bb1a71dedf,15aa7e4703e45310,c6bf6f0fe301ff86,ts-travel-service-64469b5b48-25zj6,HTTP POST,1674992147654339642,1674992147725461819,71122
438c5f5f537913d4acedf7bb1a71dedf,d11612ad09ea6508,c6bf6f0fe301ff86,ts-travel-service-64469b5b48-25zj6,HTTP POST,1674992147726430013,1674992147873790885,147360
438c5f5f537913d4acedf7bb1a71dedf,4446b7f55713bbc7,783108d985c4fd55,ts-basic-service-5dc8d4f9fd-46997,/api/v1/basicservice/basic/travel,1674992147615000000,1674992147652371844,37371
438c5f5f537913d4acedf7bb1a71dedf,0381576730bbdd9f,101427f24bbd10c3,ts-basic-service-5dc8d4f9fd-46997,/api/v1/basicservice/basic/travel,1674992147878000000,1674992147915607755,37607
438c5f5f537913d4acedf7bb1a71dedf,8800fafa7083e507,4446b7f55713bbc7,ts-basic-service-5dc8d4f9fd-46997,BasicController.queryForTravel,1674992147615395470,1674992147652232982,36837
438c5f5f537913d4acedf7bb1a71dedf,a2ccf988224ac208,0381576730bbdd9f,ts-basic-service-5dc8d4f9fd-46997,BasicController.queryForTravel,1674992147878988661,1674992147915336669,36348
438c5f5f537913d4acedf7bb1a71dedf,a720cd95d01ee9bf,8800fafa7083e507,ts-basic-service-5dc8d4f9fd-46997,HTTP GET,1674992147616239713,1674992147619986065,3746
438c5f5f537913d4acedf7bb1a71dedf,bea56279866592fd,8800fafa7083e507,ts-basic-service-5dc8d4f9fd-46997,HTTP GET,1674992147620451233,1674992147622590615,2139
438c5f5f537913d4acedf7bb1a71dedf,4295dfa933edc8a3,8800fafa7083e507,ts-basic-service-5dc8d4f9fd-46997,HTTP GET,1674992147623008755,1674992147629090270,6081
438c5f5f537913d4acedf7bb1a71dedf,85e98169e815385b,8800fafa7083e507,ts-basic-service-5dc8d4f9fd-46997,HTTP GET,1674992147629897378,1674992147643070750,13173
438c5f5f537913d4acedf7bb1a71dedf,25b6a61587baef70,8800fafa7083e507,ts-basic-service-5dc8d4f9fd-46997,HTTP GET,1674992147644513987,1674992147651118953,6604
438c5f5f537913d4acedf7bb1a71dedf,51b804c984444574,a2ccf988224ac208,ts-basic-service-5dc8d4f9fd-46997,HTTP GET,1674992147879967875,1674992147883654646,3686
438c5f5f537913d4acedf7bb1a71dedf,8d126243632539df,a2ccf988224ac208,ts-basic-service-5dc8d4f9fd-46997,HTTP GET,1674992147884174818,1674992147886399834,2225
438c5f5f537913d4acedf7bb1a71dedf,07a02d3cfa1ee256,a2ccf988224ac208,ts-basic-service-5dc8d4f9fd-46997,HTTP GET,1674992147886830673,1674992147892620101,5789
438c5f5f537913d4acedf7bb1a71dedf,0c2bfcacf8a63f53,a2ccf988224ac208,ts-basic-service-5dc8d4f9fd-46997,HTTP GET,1674992147893342289,1674992147906461091,13118
438c5f5f537913d4acedf7bb1a71dedf,3b28bb6bde77cc07,a2ccf988224ac208,ts-basic-service-5dc8d4f9fd-46997,HTTP GET,1674992147907897142,1674992147914081520,6184
438c5f5f537913d4acedf7bb1a71dedf,1cf7dcd2c947a994,a720cd95d01ee9bf,ts-station-service-7f4f5f6f77-5qb6j,/api/v1/stationservice/stations/id/{stationNameForId},1674992147617000000,1674992147619426491,2426
438c5f5f537913d4acedf7bb1a71dedf,394c666e5c37ead0,bea56279866592fd,ts-station-service-7f4f5f6f77-5qb6j,/api/v1/stationservice/stations/id/{stationNameForId},1674992147621000000,1674992147622494291,1494
438c5f5f537913d4acedf7bb1a71dedf,22a5b7ef91eb581a,51b804c984444574,ts-station-service-7f4f5f6f77-5qb6j,/api/v1/stationservice/stations/id/{stationNameForId},1674992147881000000,1674992147883450953,2450
438c5f5f537913d4acedf7bb1a71dedf,4cb5c62ebf54fe68,8d126243632539df,ts-station-service-7f4f5f6f77-5qb6j,/api/v1/stationservice/stations/id/{stationNameForId},1674992147885000000,1674992147886613312,1613
438c5f5f537913d4acedf7bb1a71dedf,2802f04a98caba6b,1cf7dcd2c947a994,ts-station-service-7f4f5f6f77-5qb6j,StationController.queryForStationId,1674992147617550876,1674992147619277108,1726
438c5f5f537913d4acedf7bb1a71dedf,0aee7df9a78487a9,394c666e5c37ead0,ts-station-service-7f4f5f6f77-5qb6j,StationController.queryForStationId,1674992147621288006,1674992147622386853,1098
438c5f5f537913d4acedf7bb1a71dedf,2b32f357687c977b,22a5b7ef91eb581a,ts-station-service-7f4f5f6f77-5qb6j,StationController.queryForStationId,1674992147881603760,1674992147883289242,1685
438c5f5f537913d4acedf7bb1a71dedf,dacfc809a48d4838,4cb5c62ebf54fe68,ts-station-service-7f4f5f6f77-5qb6j,StationController.queryForStationId,1674992147885357620,1674992147886505042,1147
438c5f5f537913d4acedf7bb1a71dedf,311dc87e15134790,2802f04a98caba6b,ts-station-service-7f4f5f6f77-5qb6j,StationRepository.findByName,1674992147618035174,1674992147619065467,1030
438c5f5f537913d4acedf7bb1a71dedf,5a01f1ef8b5bf19c,0aee7df9a78487a9,ts-station-service-7f4f5f6f77-5qb6j,StationRepository.findByName,1674992147621586818,1674992147622237418,650
438c5f5f537913d4acedf7bb1a71dedf,4fcbc8d772f810f3,2b32f357687c977b,ts-station-service-7f4f5f6f77-5qb6j,StationRepository.findByName,1674992147882105734,1674992147883061809,956
438c5f5f537913d4acedf7bb1a71dedf,54cbfd2032efd175,dacfc809a48d4838,ts-station-service-7f4f5f6f77-5qb6j,StationRepository.findByName,1674992147885671863,1674992147886345683,673
438c5f5f537913d4acedf7bb1a71dedf,9e1b02daa71cb885,311dc87e15134790,ts-station-service-7f4f5f6f77-5qb6j,SELECT Station,1674992147618140694,1674992147619060213,919
438c5f5f537913d4acedf7bb1a71dedf,831c7566bdf996d7,5a01f1ef8b5bf19c,ts-station-service-7f4f5f6f77-5qb6j,SELECT Station,1674992147621633970,1674992147622234232,600
438c5f5f537913d4acedf7bb1a71dedf,90f18fdd52213145,4fcbc8d772f810f3,ts-station-service-7f4f5f6f77-5qb6j,SELECT Station,1674992147882200941,1674992147883056879,855
438c5f5f537913d4acedf7bb1a71dedf,8ea99ad6dd6a3f2c,54cbfd2032efd175,ts-station-service-7f4f5f6f77-5qb6j,SELECT Station,1674992147885726195,1674992147886342333,616
438c5f5f537913d4acedf7bb1a71dedf,f48e0cc27ab9128c,9e1b02daa71cb885,ts-station-service-7f4f5f6f77-5qb6j,SELECT ts.station,1674992147618236611,1674992147619012247,775
438c5f5f537913d4acedf7bb1a71dedf,66780bdec83f59d1,831c7566bdf996d7,ts-station-service-7f4f5f6f77-5qb6j,SELECT ts.station,1674992147621694525,1674992147622202543,508
438c5f5f537913d4acedf7bb1a71dedf,a5ef9581d46ad41f,90f18fdd52213145,ts-station-service-7f4f5f6f77-5qb6j,SELECT ts.station,1674992147882282232,1674992147882995496,713
438c5f5f537913d4acedf7bb1a71dedf,03bf6ae8ffd21b7b,8ea99ad6dd6a3f2c,ts-station-service-7f4f5f6f77-5qb6j,SELECT ts.station,1674992147885774640,1674992147886307850,533
438c5f5f537913d4acedf7bb1a71dedf,8237b76da84e08ac,4295dfa933edc8a3,ts-train-service-86f5f97bc9-dkqmf,/api/v1/trainservice/trains/byName/{name},1674992147624000000,1674992147628240793,4240
438c5f5f537913d4acedf7bb1a71dedf,53a38ca861ec28c2,07a02d3cfa1ee256,ts-train-service-86f5f97bc9-dkqmf,/api/v1/trainservice/trains/byName/{name},1674992147889000000,1674992147893121750,4121
438c5f5f537913d4acedf7bb1a71dedf,1031731dc78075f7,8237b76da84e08ac,ts-train-service-86f5f97bc9-dkqmf,TrainController.retrieveByName,1674992147624995529,1674992147627873638,2878
438c5f5f537913d4acedf7bb1a71dedf,e6a330ad2029c7ea,53a38ca861ec28c2,ts-train-service-86f5f97bc9-dkqmf,TrainController.retrieveByName,1674992147890017778,1674992147892772201,2754
438c5f5f537913d4acedf7bb1a71dedf,b8559ac8725e9aa7,1031731dc78075f7,ts-train-service-86f5f97bc9-dkqmf,TrainTypeRepository.findByName,1674992147625918515,1674992147627423670,1505
438c5f5f537913d4acedf7bb1a71dedf,e3889e044cb44dbe,e6a330ad2029c7ea,ts-train-service-86f5f97bc9-dkqmf,TrainTypeRepository.findByName,1674992147890839015,1674992147892318042,1479
438c5f5f537913d4acedf7bb1a71dedf,c90750e8bb694a50,b8559ac8725e9aa7,ts-train-service-86f5f97bc9-dkqmf,SELECT TrainType,1674992147626098616,1674992147627411645,1313
438c5f5f537913d4acedf7bb1a71dedf,10505c906ec8b2b1,e3889e044cb44dbe,ts-train-service-86f5f97bc9-dkqmf,SELECT TrainType,1674992147891024692,1674992147892307491,1282
438c5f5f537913d4acedf7bb1a71dedf,2ed0854c1527be84,c90750e8bb694a50,ts-train-service-86f5f97bc9-dkqmf,SELECT ts.train_type,1674992147626237363,1674992147627305996,1068
438c5f5f537913d4acedf7bb1a71dedf,1a67b3ae97a85f99,10505c906ec8b2b1,ts-train-service-86f5f97bc9-dkqmf,SELECT ts.train_type,1674992147891166628,1674992147892210158,1043
438c5f5f537913d4acedf7bb1a71dedf,cd5d582930bbe470,85e98169e815385b,ts-route-service-b6c59fb57-zv8dt,/api/v1/routeservice/routes/{routeId},1674992147631000000,1674992147642117871,11117
438c5f5f537913d4acedf7bb1a71dedf,e6bc056149d85b7d,0c2bfcacf8a63f53,ts-route-service-b6c59fb57-zv8dt,/api/v1/routeservice/routes/{routeId},1674992147895000000,1674992147906052271,11052
438c5f5f537913d4acedf7bb1a71dedf,838d9fe662de9668,cd5d582930bbe470,ts-route-service-b6c59fb57-zv8dt,RouteController.queryById,1674992147632042931,1674992147641587020,9544
438c5f5f537913d4acedf7bb1a71dedf,b36354e4274ed6b4,e6bc056149d85b7d,ts-route-service-b6c59fb57-zv8dt,RouteController.queryById,1674992147896431349,1674992147905572232,9140
438c5f5f537913d4acedf7bb1a71dedf,2880ac0ba98622f8,838d9fe662de9668,ts-route-service-b6c59fb57-zv8dt,RouteRepository.findById,1674992147632991788,1674992147638575098,5583
438c5f5f537913d4acedf7bb1a71dedf,b60ba92a15813124,b36354e4274ed6b4,ts-route-service-b6c59fb57-zv8dt,RouteRepository.findById,1674992147897703786,1674992147903033876,5330
438c5f5f537913d4acedf7bb1a71dedf,359947196f8d90e2,2880ac0ba98622f8,ts-route-service-b6c59fb57-zv8dt,Session.find route.entity.Route,1674992147634853309,1674992147636275099,1421
438c5f5f537913d4acedf7bb1a71dedf,7e763eb8a92acf9e,2880ac0ba98622f8,ts-route-service-b6c59fb57-zv8dt,Transaction.commit,1674992147636319293,1674992147637813293,1494
438c5f5f537913d4acedf7bb1a71dedf,ed70009cf124c7f8,b60ba92a15813124,ts-route-service-b6c59fb57-zv8dt,Session.find route.entity.Route,1674992147899789733,1674992147901176278,1386
438c5f5f537913d4acedf7bb1a71dedf,145fbc3a733888ae,b60ba92a15813124,ts-route-service-b6c59fb57-zv8dt,Transaction.commit,1674992147901202150,1674992147902412923,1210
438c5f5f537913d4acedf7bb1a71dedf,1743f8dd479e26e0,359947196f8d90e2,ts-route-service-b6c59fb57-zv8dt,SELECT ts.route,1674992147635012768,1674992147635986893,974
438c5f5f537913d4acedf7bb1a71dedf,08bbd25b6574d117,838d9fe662de9668,ts-route-service-b6c59fb57-zv8dt,SELECT ts.route_stations,1674992147639136252,1674992147640159048,1022
438c5f5f537913d4acedf7bb1a71dedf,4af08cccf07cab0a,838d9fe662de9668,ts-route-service-b6c59fb57-zv8dt,SELECT ts.route_distances,1674992147640358831,1674992147641248548,889
438c5f5f537913d4acedf7bb1a71dedf,9a3726f2aab59d4a,ed70009cf124c7f8,ts-route-service-b6c59fb57-zv8dt,SELECT ts.route,1674992147899999075,1674992147900949959,950
438c5f5f537913d4acedf7bb1a71dedf,3d56a9318124a3e3,b36354e4274ed6b4,ts-route-service-b6c59fb57-zv8dt,SELECT ts.route_stations,1674992147903502703,1674992147904293759,791
438c5f5f537913d4acedf7bb1a71dedf,a645bb0c7d4d75b8,b36354e4274ed6b4,ts-route-service-b6c59fb57-zv8dt,SELECT ts.route_distances,1674992147904474461,1674992147905224954,750
438c5f5f537913d4acedf7bb1a71dedf,02769a0dcc620a4b,25b6a61587baef70,ts-price-service-76846864d9-g465z,/api/v1/priceservice/prices/{routeId}/{trainType},1674992147646000000,1674992147650871550,4871
438c5f5f537913d4acedf7bb1a71dedf,231f858b6f8b344b,3b28bb6bde77cc07,ts-price-service-76846864d9-g465z,/api/v1/priceservice/prices/{routeId}/{trainType},1674992147910000000,1674992147914493061,4493
438c5f5f537913d4acedf7bb1a71dedf,d0ce612f2a8a269d,02769a0dcc620a4b,ts-price-service-76846864d9-g465z,PriceController.query,1674992147646947879,1674992147650520980,3573
438c5f5f537913d4acedf7bb1a71dedf,8f6ea492bd1bda31,231f858b6f8b344b,ts-price-service-76846864d9-g465z,PriceController.query,1674992147910948730,1674992147914189143,3240
438c5f5f537913d4acedf7bb1a71dedf,a30f829f8781ec23,d0ce612f2a8a269d,ts-price-service-76846864d9-g465z,PriceConfigRepository.findByRouteIdAndTrainType,1674992147648161330,1674992147649972803,1811
438c5f5f537913d4acedf7bb1a71dedf,f3b298adc1d7f8b2,8f6ea492bd1bda31,ts-price-service-76846864d9-g465z,PriceConfigRepository.findByRouteIdAndTrainType,1674992147912165561,1674992147913662546,1496
438c5f5f537913d4acedf7bb1a71dedf,1a14450e310a0af5,a30f829f8781ec23,ts-price-service-76846864d9-g465z,SELECT PriceConfig,1674992147648351234,1674992147649926707,1575
438c5f5f537913d4acedf7bb1a71dedf,d0f2de5dcfd2c9b0,f3b298adc1d7f8b2,ts-price-service-76846864d9-g465z,SELECT PriceConfig,1674992147912349440,1674992147913651645,1302
438c5f5f537913d4acedf7bb1a71dedf,2a252c4846c6ff5d,1a14450e310a0af5,ts-price-service-76846864d9-g465z,SELECT ts.price_config,1674992147648482783,1674992147649772511,1289
438c5f5f537913d4acedf7bb1a71dedf,1f2b088af389c9a9,d0f2de5dcfd2c9b0,ts-price-service-76846864d9-g465z,SELECT ts.price_config,1674992147912471528,1674992147913500407,1028
438c5f5f537913d4acedf7bb1a71dedf,63268dc4b2cbc4f3,15aa7e4703e45310,ts-seat-service-5c95b49cff-tdsdz,/api/v1/seatservice/seats/left_tickets,1674992147675000000,1674992147724184065,49184
438c5f5f537913d4acedf7bb1a71dedf,c358a5b6fb8c0331,d11612ad09ea6508,ts-seat-service-5c95b49cff-tdsdz,/api/v1/seatservice/seats/left_tickets,1674992147727000000,1674992147871991461,144991
438c5f5f537913d4acedf7bb1a71dedf,0f7ac55e6b96f8c9,79eafeac9520e1d8,ts-seat-service-5c95b49cff-tdsdz,/api/v1/seatservice/seats,1674992147919000000,1674992148006466809,87466
438c5f5f537913d4acedf7bb1a71dedf,2f0892877f5f0774,63268dc4b2cbc4f3,ts-seat-service-5c95b49cff-tdsdz,SeatController.getLeftTicketOfInterval,1674992147675732265,1674992147723978744,48246
438c5f5f537913d4acedf7bb1a71dedf,7312e13932fc82ae,c358a5b6fb8c0331,ts-seat-service-5c95b49cff-tdsdz,SeatController.getLeftTicketOfInterval,1674992147727392978,1674992147871801628,144408
438c5f5f537913d4acedf7bb1a71dedf,571602bb7154c7a6,0f7ac55e6b96f8c9,ts-seat-service-5c95b49cff-tdsdz,SeatController.create,1674992147920486070,1674992148005912345,85426
438c5f5f537913d4acedf7bb1a71dedf,74428221f617be59,2f0892877f5f0774,ts-seat-service-5c95b49cff-tdsdz,HTTP POST,1674992147678312025,1674992147695178318,16866
438c5f5f537913d4acedf7bb1a71dedf,993d30c172ab4f90,2f0892877f5f0774,ts-seat-service-5c95b49cff-tdsdz,HTTP GET,1674992147704237593,1674992147722990246,18752
438c5f5f537913d4acedf7bb1a71dedf,2fa00c2bbe017f1a,7312e13932fc82ae,ts-seat-service-5c95b49cff-tdsdz,HTTP POST,1674992147729009857,1674992147746012762,17002
438c5f5f537913d4acedf7bb1a71dedf,7a4d5059d18a48c9,7312e13932fc82ae,ts-seat-service-5c95b49cff-tdsdz,HTTP GET,1674992147845132366,1674992147870776292,25643
438c5f5f537913d4acedf7bb1a71dedf,0282ad4206d04430,571602bb7154c7a6,ts-seat-service-5c95b49cff-tdsdz,HTTP POST,1674992147921907882,1674992147939526408,17618
438c5f5f537913d4acedf7bb1a71dedf,1ce653522afe2a87,993d30c172ab4f90,ts-config-service-5fcd447d84-wxwjd,/api/v1/configservice/configs/{configName},1674992147705000000,1674992147706417161,1417
438c5f5f537913d4acedf7bb1a71dedf,8a86e25084f14003,7a4d5059d18a48c9,ts-config-service-5fcd447d84-wxwjd,/api/v1/configservice/configs/{configName},1674992147847000000,1674992147848975481,1975
438c5f5f537913d4acedf7bb1a71dedf,f8b56a312d2ab527,1ce653522afe2a87,ts-config-service-5fcd447d84-wxwjd,ConfigController.retrieve,1674992147705220595,1674992147706332272,1111
438c5f5f537913d4acedf7bb1a71dedf,94c3c7ce0cd9d35b,8a86e25084f14003,ts-config-service-5fcd447d84-wxwjd,ConfigController.retrieve,1674992147847391849,1674992147848865080,1473
438c5f5f537913d4acedf7bb1a71dedf,411fcf23cd836b42,f8b56a312d2ab527,ts-config-service-5fcd447d84-wxwjd,ConfigRepository.findByName,1674992147705444064,1674992147706026799,582
438c5f5f537913d4acedf7bb1a71dedf,3f350cde4bbb78db,94c3c7ce0cd9d35b,ts-config-service-5fcd447d84-wxwjd,ConfigRepository.findByName,1674992147847766727,1674992147848462463,695
438c5f5f537913d4acedf7bb1a71dedf,ac305c5a689181be,411fcf23cd836b42,ts-config-service-5fcd447d84-wxwjd,SELECT Config,1674992147705474223,1674992147706024544,550
438c5f5f537913d4acedf7bb1a71dedf,838573bb14950900,3f350cde4bbb78db,ts-config-service-5fcd447d84-wxwjd,SELECT Config,1674992147847832847,1674992147848459898,627
438c5f5f537913d4acedf7bb1a71dedf,ce9a5159113f16c9,ac305c5a689181be,ts-config-service-5fcd447d84-wxwjd,SELECT ts.config,1674992147705509227,1674992147706001642,492
438c5f5f537913d4acedf7bb1a71dedf,38d0d39bb3124871,838573bb14950900,ts-config-service-5fcd447d84-wxwjd,SELECT ts.config,1674992147847909507,1674992147848422307,512
438c5f5f537913d4acedf7bb1a71dedf,d67f9c720a75cd89,b04069c16efd849a,ts-assurance-service-69876c9868-ssxsf,/api/v1/assuranceservice/assurances/{typeIndex}/{orderId},1674992148036000000,1674992148056921065,20921
438c5f5f537913d4acedf7bb1a71dedf,b87083b5a1b487c4,d67f9c720a75cd89,ts-assurance-service-69876c9868-ssxsf,AssuranceController.createNewAssurance,1674992148041826642,1674992148056034075,14207
438c5f5f537913d4acedf7bb1a71dedf,de0f4a256f0f3129,b87083b5a1b487c4,ts-assurance-service-69876c9868-ssxsf,AssuranceRepository.findByOrderId,1674992148043771605,1674992148048148818,4377
438c5f5f537913d4acedf7bb1a71dedf,d411ed680b7de3cf,b87083b5a1b487c4,ts-assurance-service-69876c9868-ssxsf,AssuranceRepository.save,1674992148048247576,1674992148053971290,5723
438c5f5f537913d4acedf7bb1a71dedf,e4317c810226dbae,de0f4a256f0f3129,ts-assurance-service-69876c9868-ssxsf,SELECT Assurance,1674992148044930531,1674992148048033281,3102
438c5f5f537913d4acedf7bb1a71dedf,0d1fe766ab382bc1,d411ed680b7de3cf,ts-assurance-service-69876c9868-ssxsf,Session.merge assurance.entity.Assurance,1674992148049153776,1674992148050767746,1613
438c5f5f537913d4acedf7bb1a71dedf,362901ec287734cd,d411ed680b7de3cf,ts-assurance-service-69876c9868-ssxsf,Transaction.commit,1674992148050833110,1674992148053924153,3091
438c5f5f537913d4acedf7bb1a71dedf,0fd133f4049e1feb,e4317c810226dbae,ts-assurance-service-69876c9868-ssxsf,SELECT ts.assurance,1674992148046763519,1674992148047631380,867
438c5f5f537913d4acedf7bb1a71dedf,30fb7ea8b8356d6e,0d1fe766ab382bc1,ts-assurance-service-69876c9868-ssxsf,SELECT ts.assurance,1674992148049751134,1674992148050133830,382
438c5f5f537913d4acedf7bb1a71dedf,e4a3edc05b72e21e,362901ec287734cd,ts-assurance-service-69876c9868-ssxsf,INSERT ts.assurance,1674992148051371198,1674992148053225044,1853
438c5f5f537913d4acedf7bb1a71dedf,e21391862e4429fe,00dceee9b479a9c3,ts-user-service-687d654649-lrcwv,/api/v1/userservice/users/id/{userId},1674992148059000000,1674992148065325107,6325
438c5f5f537913d4acedf7bb1a71dedf,c4e4bc891667099c,e21391862e4429fe,ts-user-service-687d654649-lrcwv,UserController.getUserByUserId,1674992148060848895,1674992148064508473,3659
438c5f5f537913d4acedf7bb1a71dedf,1eab52e5ac64dbd0,c4e4bc891667099c,ts-user-service-687d654649-lrcwv,UserRepository.findByUserId,1674992148061541100,1674992148063924349,2383
438c5f5f537913d4acedf7bb1a71dedf,18d76e68cdc52961,1eab52e5ac64dbd0,ts-user-service-687d654649-lrcwv,SELECT User,1674992148061718924,1674992148063915599,2196
438c5f5f537913d4acedf7bb1a71dedf,0f147fd6ef0db3b8,18d76e68cdc52961,ts-user-service-687d654649-lrcwv,SELECT ts.user,1674992148062539279,1674992148063522192,982
5e9895701412cd8dc9f424ad87048f9d,fbef8d15f477cfa7,root,ts-gateway-service-6f6cfc45b-h5m2n,/*,1674992144155000000,1674992144267103971,112103
5e9895701412cd8dc9f424ad87048f9d,26abe41cd27b8711,fbef8d15f477cfa7,ts-gateway-service-6f6cfc45b-h5m2n,FilteringWebHandler.handle,1674992144155724605,1674992144266919165,111194
5e9895701412cd8dc9f424ad87048f9d,e153afb19ad25225,fbef8d15f477cfa7,ts-gateway-service-6f6cfc45b-h5m2n,HTTP POST,1674992144156639736,1674992144267070902,110431
5e9895701412cd8dc9f424ad87048f9d,2cc8d24a731e0116,e153afb19ad25225,ts-travel-service-64469b5b48-25zj6,/api/v1/travelservice/trips/left,1674992144158000000,1674992144265440444,107440
5e9895701412cd8dc9f424ad87048f9d,8c0bdf4fa6aff234,2cc8d24a731e0116,ts-travel-service-64469b5b48-25zj6,TravelController.queryInfo,1674992144158989253,1674992144265006042,106016
5e9895701412cd8dc9f424ad87048f9d,088b88879386fe97,8c0bdf4fa6aff234,ts-travel-service-64469b5b48-25zj6,TripRepository.findAll,1674992144159647414,1674992144161749699,2102
5e9895701412cd8dc9f424ad87048f9d,0ab8e1a85a463b78,088b88879386fe97,ts-travel-service-64469b5b48-25zj6,SELECT Trip,1674992144160594148,1674992144161199029,604
5e9895701412cd8dc9f424ad87048f9d,7726f1f5e2f77221,088b88879386fe97,ts-travel-service-64469b5b48-25zj6,Transaction.commit,1674992144161223472,1674992144161580474,357
5e9895701412cd8dc9f424ad87048f9d,2e55719770acea7d,0ab8e1a85a463b78,ts-travel-service-64469b5b48-25zj6,SELECT ts.trip,1674992144160719060,1674992144161103049,383
5e9895701412cd8dc9f424ad87048f9d,a564d0db79ec6722,8c0bdf4fa6aff234,ts-travel-service-64469b5b48-25zj6,HTTP POST,1674992144162638067,1674992144225266402,62628
5e9895701412cd8dc9f424ad87048f9d,539360578e63e17f,8c0bdf4fa6aff234,ts-travel-service-64469b5b48-25zj6,HTTP POST,1674992144226296088,1674992144247976461,21680
5e9895701412cd8dc9f424ad87048f9d,e363ea6e25bcf2d2,8c0bdf4fa6aff234,ts-travel-service-64469b5b48-25zj6,HTTP POST,1674992144248774795,1674992144264115217,15340
5e9895701412cd8dc9f424ad87048f9d,cc87d0e421e08980,a564d0db79ec6722,ts-basic-service-5dc8d4f9fd-46997,/api/v1/basicservice/basic/travels,1674992144165000000,1674992144224674762,59674
5e9895701412cd8dc9f424ad87048f9d,35c06e6b51ee7f03,cc87d0e421e08980,ts-basic-service-5dc8d4f9fd-46997,BasicController.queryForTravels,1674992144165628020,1674992144224507045,58879
5e9895701412cd8dc9f424ad87048f9d,3fb2906f426b7b7a,35c06e6b51ee7f03,ts-basic-service-5dc8d4f9fd-46997,HTTP POST,1674992144166904048,1674992144171284215,4380
5e9895701412cd8dc9f424ad87048f9d,f9d299f5c5c2d835,35c06e6b51ee7f03,ts-basic-service-5dc8d4f9fd-46997,HTTP POST,1674992144171848881,1674992144177998613,6149
5e9895701412cd8dc9f424ad87048f9d,b49e0d3e43793b97,35c06e6b51ee7f03,ts-basic-service-5dc8d4f9fd-46997,HTTP POST,1674992144178749871,1674992144196255929,17506
5e9895701412cd8dc9f424ad87048f9d,f4ca5e7a1105110f,35c06e6b51ee7f03,ts-basic-service-5dc8d4f9fd-46997,HTTP POST,1674992144197491489,1674992144223362611,25871
5e9895701412cd8dc9f424ad87048f9d,df7f328a3e0cb273,3fb2906f426b7b7a,ts-station-service-7f4f5f6f77-5qb6j,/api/v1/stationservice/stations/idlist,1674992144168000000,1674992144171216896,3216
5e9895701412cd8dc9f424ad87048f9d,331e01cfdcce10f9,df7f328a3e0cb273,ts-station-service-7f4f5f6f77-5qb6j,StationController.queryForIdBatch,1674992144168568055,1674992144171040369,2472
5e9895701412cd8dc9f424ad87048f9d,292d6f21f2a247fa,331e01cfdcce10f9,ts-station-service-7f4f5f6f77-5qb6j,StationRepository.findByNames,1674992144169265342,1674992144170774889,1509
5e9895701412cd8dc9f424ad87048f9d,132e58056f8e46ee,292d6f21f2a247fa,ts-station-service-7f4f5f6f77-5qb6j,SELECT station,1674992144169405361,1674992144170763012,1357
5e9895701412cd8dc9f424ad87048f9d,aac4fe725254686a,132e58056f8e46ee,ts-station-service-7f4f5f6f77-5qb6j,SELECT ts.station,1674992144170116893,1674992144170675891,558
5e9895701412cd8dc9f424ad87048f9d,dc8a4851926b8a2f,f9d299f5c5c2d835,ts-train-service-86f5f97bc9-dkqmf,/api/v1/trainservice/trains/byNames,1674992144173000000,1674992144177488849,4488
5e9895701412cd8dc9f424ad87048f9d,2e47ec5c04c615e1,dc8a4851926b8a2f,ts-train-service-86f5f97bc9-dkqmf,TrainController.retrieveByName,1674992144173781845,1674992144177120957,3339
5e9895701412cd8dc9f424ad87048f9d,af4dfe00761f892b,2e47ec5c04c615e1,ts-train-service-86f5f97bc9-dkqmf,TrainTypeRepository.findByNames,1674992144174720386,1674992144176692740,1972
5e9895701412cd8dc9f424ad87048f9d,15cb5ca3d59a90e5,af4dfe00761f892b,ts-train-service-86f5f97bc9-dkqmf,SELECT train_type,1674992144174881534,1674992144176666655,1785
5e9895701412cd8dc9f424ad87048f9d,affbe9d56e552f56,15cb5ca3d59a90e5,ts-train-service-86f5f97bc9-dkqmf,SELECT ts.train_type,1674992144175789090,1674992144176514152,725
5e9895701412cd8dc9f424ad87048f9d,58f6f232d4303e04,b49e0d3e43793b97,ts-route-service-b6c59fb57-zv8dt,/api/v1/routeservice/routes/byIds/,1674992144181000000,1674992144196231833,15231
5e9895701412cd8dc9f424ad87048f9d,6310e717ec092e15,58f6f232d4303e04,ts-route-service-b6c59fb57-zv8dt,RouteController.queryByIds,1674992144182203410,1674992144195746313,13542
5e9895701412cd8dc9f424ad87048f9d,88cb039cc919b80b,6310e717ec092e15,ts-route-service-b6c59fb57-zv8dt,RouteRepository.findByIds,1674992144183670283,1674992144186589833,2919
5e9895701412cd8dc9f424ad87048f9d,b0862ca709fabee0,88cb039cc919b80b,ts-route-service-b6c59fb57-zv8dt,SELECT route,1674992144183930604,1674992144186566196,2635
5e9895701412cd8dc9f424ad87048f9d,0610982d8e7607a3,b0862ca709fabee0,ts-route-service-b6c59fb57-zv8dt,SELECT ts.route,1674992144185314425,1674992144186305894,991
5e9895701412cd8dc9f424ad87048f9d,54b15b9f865b8522,6310e717ec092e15,ts-route-service-b6c59fb57-zv8dt,SELECT ts.route_stations,1674992144187011252,1674992144187938785,927
5e9895701412cd8dc9f424ad87048f9d,65f8edc0543bd5aa,6310e717ec092e15,ts-route-service-b6c59fb57-zv8dt,SELECT ts.route_distances,1674992144188123845,1674992144188927565,803
5e9895701412cd8dc9f424ad87048f9d,927a513fd71fe7a6,6310e717ec092e15,ts-route-service-b6c59fb57-zv8dt,SELECT ts.route_stations,1674992144189058228,1674992144189915825,857
5e9895701412cd8dc9f424ad87048f9d,870edab3d7de7b4b,6310e717ec092e15,ts-route-service-b6c59fb57-zv8dt,SELECT ts.route_distances,1674992144190010097,1674992144190706473,696
5e9895701412cd8dc9f424ad87048f9d,8c380180b760cce8,6310e717ec092e15,ts-route-service-b6c59fb57-zv8dt,SELECT ts.route_stations,1674992144190794057,1674992144191489276,695
5e9895701412cd8dc9f424ad87048f9d,ed4e8d84015142f4,6310e717ec092e15,ts-route-service-b6c59fb57-zv8dt,SELECT ts.route_distances,1674992144191587447,1674992144192279374,691
5e9895701412cd8dc9f424ad87048f9d,04747f6cf0b84374,6310e717ec092e15,ts-route-service-b6c59fb57-zv8dt,SELECT ts.route_stations,1674992144192376638,1674992144193038690,662
5e9895701412cd8dc9f424ad87048f9d,41b75ee71384859f,6310e717ec092e15,ts-route-service-b6c59fb57-zv8dt,SELECT ts.route_distances,1674992144193126976,1674992144193819964,692
5e9895701412cd8dc9f424ad87048f9d,00eff66859bee222,6310e717ec092e15,ts-route-service-b6c59fb57-zv8dt,SELECT ts.route_stations,1674992144193916775,1674992144194605911,689
5e9895701412cd8dc9f424ad87048f9d,2eb9290e8e590c67,6310e717ec092e15,ts-route-service-b6c59fb57-zv8dt,SELECT ts.route_distances,1674992144194701957,1674992144195382553,680
5e9895701412cd8dc9f424ad87048f9d,5cd66ec66031198f,f4ca5e7a1105110f,ts-price-service-76846864d9-g465z,/api/v1/priceservice/prices/byRouteIdsAndTrainTypes,1674992144219000000,1674992144223574821,4574
5e9895701412cd8dc9f424ad87048f9d,15128c9f6cdfbb18,5cd66ec66031198f,ts-price-service-76846864d9-g465z,PriceController.query,1674992144219759097,1674992144223248908,3489
5e9895701412cd8dc9f424ad87048f9d,2b7d679f503e7ba1,15128c9f6cdfbb18,ts-price-service-76846864d9-g465z,PriceConfigRepository.findByRouteIdsAndTrainTypes,1674992144220761232,1674992144222831960,2070
5e9895701412cd8dc9f424ad87048f9d,3e879785ec0715a4,2b7d679f503e7ba1,ts-price-service-76846864d9-g465z,SELECT price_config,1674992144220928462,1674992144222814219,1885
5e9895701412cd8dc9f424ad87048f9d,e3a52251bd563a81,3e879785ec0715a4,ts-price-service-76846864d9-g465z,SELECT ts.price_config,1674992144221915585,1674992144222678629,763
5e9895701412cd8dc9f424ad87048f9d,035fcbced894931f,539360578e63e17f,ts-seat-service-5c95b49cff-tdsdz,/api/v1/seatservice/seats/left_tickets,1674992144229000000,1674992144247542678,18542
5e9895701412cd8dc9f424ad87048f9d,05c6a3a9fcf2ddea,e363ea6e25bcf2d2,ts-seat-service-5c95b49cff-tdsdz,/api/v1/seatservice/seats/left_tickets,1674992144250000000,1674992144263224869,13224
5e9895701412cd8dc9f424ad87048f9d,03b4079b2eb17572,035fcbced894931f,ts-seat-service-5c95b49cff-tdsdz,SeatController.getLeftTicketOfInterval,1674992144229556999,1674992144247308938,17751
5e9895701412cd8dc9f424ad87048f9d,4ed4c59346b37fd0,05c6a3a9fcf2ddea,ts-seat-service-5c95b49cff-tdsdz,SeatController.getLeftTicketOfInterval,1674992144250484712,1674992144263010124,12525
5e9895701412cd8dc9f424ad87048f9d,e4f3af3ea7d985b1,03b4079b2eb17572,ts-seat-service-5c95b49cff-tdsdz,HTTP POST,1674992144231560851,1674992144239351406,7790
5e9895701412cd8dc9f424ad87048f9d,adb62aa622bde3bc,03b4079b2eb17572,ts-seat-service-5c95b49cff-tdsdz,HTTP GET,1674992144240500285,1674992144246174786,5674
5e9895701412cd8dc9f424ad87048f9d,c67509c10e6b8dae,4ed4c59346b37fd0,ts-seat-service-5c95b49cff-tdsdz,HTTP POST,1674992144252278820,1674992144257167993,4889
5e9895701412cd8dc9f424ad87048f9d,fb24d163ac891c1e,4ed4c59346b37fd0,ts-seat-service-5c95b49cff-tdsdz,HTTP GET,1674992144258105103,1674992144261880452,3775
5e9895701412cd8dc9f424ad87048f9d,cd103458a581385e,e4f3af3ea7d985b1,ts-order-service-5b67c48447-mv5hb,/api/v1/orderservice/order/tickets,1674992144235000000,1674992144238651377,3651
5e9895701412cd8dc9f424ad87048f9d,41131411b1b30b1d,c67509c10e6b8dae,ts-order-service-5b67c48447-mv5hb,/api/v1/orderservice/order/tickets,1674992144254000000,1674992144256455671,2455
5e9895701412cd8dc9f424ad87048f9d,f5ba384b8452a164,cd103458a581385e,ts-order-service-5b67c48447-mv5hb,OrderController.getTicketListByDateAndTripId,1674992144235552323,1674992144238467546,2915
5e9895701412cd8dc9f424ad87048f9d,3453a8ca67dffa72,41131411b1b30b1d,ts-order-service-5b67c48447-mv5hb,OrderController.getTicketListByDateAndTripId,1674992144254259128,1674992144256363304,2104
5e9895701412cd8dc9f424ad87048f9d,eea5d212727b2020,f5ba384b8452a164,ts-order-service-5b67c48447-mv5hb,OrderRepository.findByTravelDateAndTrainNumber,1674992144236203570,1674992144237830873,1627
5e9895701412cd8dc9f424ad87048f9d,ddaa1ee34ec98792,3453a8ca67dffa72,ts-order-service-5b67c48447-mv5hb,OrderRepository.findByTravelDateAndTrainNumber,1674992144254579078,1674992144256007860,1428
5e9895701412cd8dc9f424ad87048f9d,f531a334a67c4be4,eea5d212727b2020,ts-order-service-5b67c48447-mv5hb,SELECT Order,1674992144236295340,1674992144237813985,1518
5e9895701412cd8dc9f424ad87048f9d,3b3e959d94b03cb2,ddaa1ee34ec98792,ts-order-service-5b67c48447-mv5hb,SELECT Order,1674992144254632617,1674992144256000529,1367
5e9895701412cd8dc9f424ad87048f9d,ef7f88bb2e8a7246,f531a334a67c4be4,ts-order-service-5b67c48447-mv5hb,SELECT ts.orders,1674992144236898303,1674992144237791422,893
5e9895701412cd8dc9f424ad87048f9d,f01e599170e04ff4,3b3e959d94b03cb2,ts-order-service-5b67c48447-mv5hb,SELECT ts.orders,1674992144255189232,1674992144255986285,797
5e9895701412cd8dc9f424ad87048f9d,7f748ed63d6e7abd,adb62aa622bde3bc,ts-config-service-5fcd447d84-wxwjd,/api/v1/configservice/configs/{configName},1674992144242000000,1674992144245017044,3017
5e9895701412cd8dc9f424ad87048f9d,c8f57a42918a0c47,fb24d163ac891c1e,ts-config-service-5fcd447d84-wxwjd,/api/v1/configservice/configs/{configName},1674992144259000000,1674992144260961308,1961
5e9895701412cd8dc9f424ad87048f9d,6df3211a331c6c6d,7f748ed63d6e7abd,ts-config-service-5fcd447d84-wxwjd,ConfigController.retrieve,1674992144242436221,1674992144244803536,2367
5e9895701412cd8dc9f424ad87048f9d,6d697ee6e3ae4d7d,c8f57a42918a0c47,ts-config-service-5fcd447d84-wxwjd,ConfigController.retrieve,1674992144259390047,1674992144260810603,1420
5e9895701412cd8dc9f424ad87048f9d,c0a067352ace9a33,6df3211a331c6c6d,ts-config-service-5fcd447d84-wxwjd,ConfigRepository.findByName,1674992144242858245,1674992144244050861,1192
5e9895701412cd8dc9f424ad87048f9d,a2b980c358fdf36b,6d697ee6e3ae4d7d,ts-config-service-5fcd447d84-wxwjd,ConfigRepository.findByName,1674992144259758147,1674992144260358399,600
5e9895701412cd8dc9f424ad87048f9d,db65955267e6795a,c0a067352ace9a33,ts-config-service-5fcd447d84-wxwjd,SELECT Config,1674992144242914695,1674992144244041104,1126
5e9895701412cd8dc9f424ad87048f9d,6da91c47b7b6c56b,a2b980c358fdf36b,ts-config-service-5fcd447d84-wxwjd,SELECT Config,1674992144259805545,1674992144260353146,547
5e9895701412cd8dc9f424ad87048f9d,2666437dbcacf727,db65955267e6795a,ts-config-service-5fcd447d84-wxwjd,SELECT ts.config,1674992144243508580,1674992144243975191,466
5e9895701412cd8dc9f424ad87048f9d,9cfceb6f0390e181,6da91c47b7b6c56b,ts-config-service-5fcd447d84-wxwjd,SELECT ts.config,1674992144259870898,1674992144260303370,432
22e04a308a587b38abdce804e64bf839,ec4c5463ef968c17,root,ts-gateway-service-6f6cfc45b-h5m2n,/*,1674992163432000000,1674992163550737455,118737
22e04a308a587b38abdce804e64bf839,3db1b0f1ebaf716b,ec4c5463ef968c17,ts-gateway-service-6f6cfc45b-h5m2n,FilteringWebHandler.handle,1674992163432891900,1674992163550544849,117652
22e04a308a587b38abdce804e64bf839,7d5d89c67973a3bf,ec4c5463ef968c17,ts-gateway-service-6f6cfc45b-h5m2n,HTTP POST,1674992163433799287,1674992163550663458,116864
22e04a308a587b38abdce804e64bf839,045cf375901509af,7d5d89c67973a3bf,ts-travel2-service-5c66d57d58-6mp2b,/api/v1/travel2service/trips/left,1674992163436000000,1674992163549495702,113495
22e04a308a587b38abdce804e64bf839,e5eb44660dcbbf9f,045cf375901509af,ts-travel2-service-5c66d57d58-6mp2b,Travel2Controller.queryInfo,1674992163437074018,1674992163549135296,112061
22e04a308a587b38abdce804e64bf839,a35dfd1ecd33d282,e5eb44660dcbbf9f,ts-travel2-service-5c66d57d58-6mp2b,TripRepository.findAll,1674992163437721654,1674992163440924937,3203
22e04a308a587b38abdce804e64bf839,dc04d1874fefb1d4,a35dfd1ecd33d282,ts-travel2-service-5c66d57d58-6mp2b,SELECT Trip,1674992163439127481,1674992163439910797,783
22e04a308a587b38abdce804e64bf839,bc4ca0f7faf8b96b,a35dfd1ecd33d282,ts-travel2-service-5c66d57d58-6mp2b,Transaction.commit,1674992163439935105,1674992163440603464,668
22e04a308a587b38abdce804e64bf839,c94ff7848e8c4d68,dc04d1874fefb1d4,ts-travel2-service-5c66d57d58-6mp2b,SELECT ts.trip2,1674992163439237328,1674992163439800551,563
22e04a308a587b38abdce804e64bf839,d4ba4857314f3bc5,e5eb44660dcbbf9f,ts-travel2-service-5c66d57d58-6mp2b,HTTP POST,1674992163441487851,1674992163491226589,49738
22e04a308a587b38abdce804e64bf839,77ed86a660fed2b9,e5eb44660dcbbf9f,ts-travel2-service-5c66d57d58-6mp2b,HTTP POST,1674992163492410194,1674992163532961598,40551
22e04a308a587b38abdce804e64bf839,df766d30e3493686,e5eb44660dcbbf9f,ts-travel2-service-5c66d57d58-6mp2b,HTTP POST,1674992163533761427,1674992163547996375,14234
22e04a308a587b38abdce804e64bf839,afab465bb89b7794,d4ba4857314f3bc5,ts-basic-service-5dc8d4f9fd-46997,/api/v1/basicservice/basic/travels,1674992163444000000,1674992163490054841,46054
22e04a308a587b38abdce804e64bf839,c33b3b2f755a24cc,afab465bb89b7794,ts-basic-service-5dc8d4f9fd-46997,BasicController.queryForTravels,1674992163444399156,1674992163489926899,45527
22e04a308a587b38abdce804e64bf839,7332d8f96d8d8dcf,c33b3b2f755a24cc,ts-basic-service-5dc8d4f9fd-46997,HTTP POST,1674992163445374094,1674992163451094520,5720
22e04a308a587b38abdce804e64bf839,b337427f156948cc,c33b3b2f755a24cc,ts-basic-service-5dc8d4f9fd-46997,HTTP POST,1674992163451575533,1674992163459345023,7769
22e04a308a587b38abdce804e64bf839,170d0b73e0746727,c33b3b2f755a24cc,ts-basic-service-5dc8d4f9fd-46997,HTTP POST,1674992163460179786,1674992163479277226,19097
22e04a308a587b38abdce804e64bf839,2ab301fd12926543,c33b3b2f755a24cc,ts-basic-service-5dc8d4f9fd-46997,HTTP POST,1674992163480505135,1674992163489042894,8537
22e04a308a587b38abdce804e64bf839,97178996e4470911,7332d8f96d8d8dcf,ts-station-service-7f4f5f6f77-5qb6j,/api/v1/stationservice/stations/idlist,1674992163448000000,1674992163450894731,2894
22e04a308a587b38abdce804e64bf839,fbe9358833244574,97178996e4470911,ts-station-service-7f4f5f6f77-5qb6j,StationController.queryForIdBatch,1674992163448400816,1674992163450754398,2353
22e04a308a587b38abdce804e64bf839,a9e2d3284206aa95,fbe9358833244574,ts-station-service-7f4f5f6f77-5qb6j,StationRepository.findByNames,1674992163448949643,1674992163450528489,1578
22e04a308a587b38abdce804e64bf839,2fc686d5fb32255e,a9e2d3284206aa95,ts-station-service-7f4f5f6f77-5qb6j,SELECT station,1674992163449035654,1674992163450517161,1481
22e04a308a587b38abdce804e64bf839,1e8fddf5d51f62b9,2fc686d5fb32255e,ts-station-service-7f4f5f6f77-5qb6j,SELECT ts.station,1674992163449824406,1674992163450461624,637
22e04a308a587b38abdce804e64bf839,71dc3773627cc827,b337427f156948cc,ts-train-service-86f5f97bc9-dkqmf,/api/v1/trainservice/trains/byNames,1674992163455000000,1674992163459779262,4779
22e04a308a587b38abdce804e64bf839,c3d35e29870037fb,71dc3773627cc827,ts-train-service-86f5f97bc9-dkqmf,TrainController.retrieveByName,1674992163455791874,1674992163459428801,3636
22e04a308a587b38abdce804e64bf839,eb2d204546a70035,c3d35e29870037fb,ts-train-service-86f5f97bc9-dkqmf,TrainTypeRepository.findByNames,1674992163456757794,1674992163458972257,2214
22e04a308a587b38abdce804e64bf839,4c3fe02ccc36f906,eb2d204546a70035,ts-train-service-86f5f97bc9-dkqmf,SELECT train_type,1674992163456918826,1674992163458951961,2033
22e04a308a587b38abdce804e64bf839,c99931f4699450c2,4c3fe02ccc36f906,ts-train-service-86f5f97bc9-dkqmf,SELECT ts.train_type,1674992163457940884,1674992163458833831,892
22e04a308a587b38abdce804e64bf839,21170bd173715602,170d0b73e0746727,ts-route-service-b6c59fb57-zv8dt,/api/v1/routeservice/routes/byIds/,1674992163464000000,1674992163479452031,15452
22e04a308a587b38abdce804e64bf839,4887507b2cd077da,21170bd173715602,ts-route-service-b6c59fb57-zv8dt,RouteController.queryByIds,1674992163465230796,1674992163478963868,13733
22e04a308a587b38abdce804e64bf839,399b194cd90e4b9a,4887507b2cd077da,ts-route-service-b6c59fb57-zv8dt,RouteRepository.findByIds,1674992163466532784,1674992163469456770,2923
22e04a308a587b38abdce804e64bf839,8309827b5c7868e5,399b194cd90e4b9a,ts-route-service-b6c59fb57-zv8dt,SELECT route,1674992163466785948,1674992163469431875,2645
22e04a308a587b38abdce804e64bf839,5c42c650ca38bdaf,8309827b5c7868e5,ts-route-service-b6c59fb57-zv8dt,SELECT ts.route,1674992163468286339,1674992163469172536,886
22e04a308a587b38abdce804e64bf839,590baf116327d5ea,4887507b2cd077da,ts-route-service-b6c59fb57-zv8dt,SELECT ts.route_stations,1674992163469853257,1674992163470692811,839
22e04a308a587b38abdce804e64bf839,80e57dc1278c5df9,4887507b2cd077da,ts-route-service-b6c59fb57-zv8dt,SELECT ts.route_distances,1674992163470850363,1674992163471655944,805
22e04a308a587b38abdce804e64bf839,1c511f70f7389350,4887507b2cd077da,ts-route-service-b6c59fb57-zv8dt,SELECT ts.route_stations,1674992163471779136,1674992163472517942,738
22e04a308a587b38abdce804e64bf839,7238e3003a433295,4887507b2cd077da,ts-route-service-b6c59fb57-zv8dt,SELECT ts.route_distances,1674992163472608342,1674992163473576152,967
22e04a308a587b38abdce804e64bf839,beece0f3a86d0fb7,4887507b2cd077da,ts-route-service-b6c59fb57-zv8dt,SELECT ts.route_stations,1674992163473669600,1674992163474421365,751
22e04a308a587b38abdce804e64bf839,ef23c7089f0f15e0,4887507b2cd077da,ts-route-service-b6c59fb57-zv8dt,SELECT ts.route_distances,1674992163474490711,1674992163475183413,692
22e04a308a587b38abdce804e64bf839,1705352e9511dacb,4887507b2cd077da,ts-route-service-b6c59fb57-zv8dt,SELECT ts.route_stations,1674992163475279843,1674992163476088125,808
22e04a308a587b38abdce804e64bf839,0f913ba770b8586a,4887507b2cd077da,ts-route-service-b6c59fb57-zv8dt,SELECT ts.route_distances,1674992163476201745,1674992163476965559,763
22e04a308a587b38abdce804e64bf839,66b2b422c53fba8a,4887507b2cd077da,ts-route-service-b6c59fb57-zv8dt,SELECT ts.route_stations,1674992163477066538,1674992163477830111,763
22e04a308a587b38abdce804e64bf839,c9a81303cdf1ff98,4887507b2cd077da,ts-route-service-b6c59fb57-zv8dt,SELECT ts.route_distances,1674992163477914624,1674992163478637207,722
22e04a308a587b38abdce804e64bf839,acd93b4fa8988c1e,2ab301fd12926543,ts-price-service-76846864d9-g465z,/api/v1/priceservice/prices/byRouteIdsAndTrainTypes,1674992163483000000,1674992163487527082,4527
22e04a308a587b38abdce804e64bf839,a47388a20062fdef,acd93b4fa8988c1e,ts-price-service-76846864d9-g465z,PriceController.query,1674992163483746552,1674992163487211496,3464
22e04a308a587b38abdce804e64bf839,8246570da6e50283,a47388a20062fdef,ts-price-service-76846864d9-g465z,PriceConfigRepository.findByRouteIdsAndTrainTypes,1674992163484780812,1674992163486740285,1959
22e04a308a587b38abdce804e64bf839,0606dce74b9ff8de,8246570da6e50283,ts-price-service-76846864d9-g465z,SELECT price_config,1674992163484949512,1674992163486719697,1770
22e04a308a587b38abdce804e64bf839,676299b2a15f26d1,0606dce74b9ff8de,ts-price-service-76846864d9-g465z,SELECT ts.price_config,1674992163485861899,1674992163486596083,734
22e04a308a587b38abdce804e64bf839,0709c8b47a8c451b,77ed86a660fed2b9,ts-seat-service-5c95b49cff-tdsdz,/api/v1/seatservice/seats/left_tickets,1674992163513000000,1674992163531662421,18662
22e04a308a587b38abdce804e64bf839,f7abbe8b4b3064f1,df766d30e3493686,ts-seat-service-5c95b49cff-tdsdz,/api/v1/seatservice/seats/left_tickets,1674992163535000000,1674992163547265774,12265
22e04a308a587b38abdce804e64bf839,b3548a3c5a002fc8,0709c8b47a8c451b,ts-seat-service-5c95b49cff-tdsdz,SeatController.getLeftTicketOfInterval,1674992163513604012,1674992163531422930,17818
22e04a308a587b38abdce804e64bf839,6a32cde4128a7b85,f7abbe8b4b3064f1,ts-seat-service-5c95b49cff-tdsdz,SeatController.getLeftTicketOfInterval,1674992163535498880,1674992163547056935,11558
22e04a308a587b38abdce804e64bf839,e69909c1f6f701b7,b3548a3c5a002fc8,ts-seat-service-5c95b49cff-tdsdz,HTTP POST,1674992163515786815,1674992163522669237,6882
22e04a308a587b38abdce804e64bf839,2baa2be86b1a5a32,b3548a3c5a002fc8,ts-seat-service-5c95b49cff-tdsdz,HTTP GET,1674992163523744859,1674992163530303206,6558
22e04a308a587b38abdce804e64bf839,a4ec213d22fa9c3b,6a32cde4128a7b85,ts-seat-service-5c95b49cff-tdsdz,HTTP POST,1674992163537410975,1674992163541628768,4217
22e04a308a587b38abdce804e64bf839,3678469f50bd5052,6a32cde4128a7b85,ts-seat-service-5c95b49cff-tdsdz,HTTP GET,1674992163542516185,1674992163546061409,3545
22e04a308a587b38abdce804e64bf839,52c6e4964234ba46,e69909c1f6f701b7,ts-order-other-service-6cdbf9b4cc-h7mqk,/api/v1/orderOtherService/orderOther/tickets,1674992163519000000,1674992163521613088,2613
22e04a308a587b38abdce804e64bf839,97fe50a560bb20d0,a4ec213d22fa9c3b,ts-order-other-service-6cdbf9b4cc-h7mqk,/api/v1/orderOtherService/orderOther/tickets,1674992163539000000,1674992163541105086,2105
22e04a308a587b38abdce804e64bf839,74733727151d4a24,52c6e4964234ba46,ts-order-other-service-6cdbf9b4cc-h7mqk,OrderOtherController.getTicketListByDateAndTripId,1674992163519454513,1674992163521484705,2030
22e04a308a587b38abdce804e64bf839,f82fe10a7bccf37d,97fe50a560bb20d0,ts-order-other-service-6cdbf9b4cc-h7mqk,OrderOtherController.getTicketListByDateAndTripId,1674992163539282299,1674992163540975692,1693
22e04a308a587b38abdce804e64bf839,49ddfaef102fcee0,74733727151d4a24,ts-order-other-service-6cdbf9b4cc-h7mqk,OrderOtherRepository.findByTravelDateAndTrainNumber,1674992163519972180,1674992163521063523,1091
22e04a308a587b38abdce804e64bf839,59be251d3e2630e5,f82fe10a7bccf37d,ts-order-other-service-6cdbf9b4cc-h7mqk,OrderOtherRepository.findByTravelDateAndTrainNumber,1674992163539638229,1674992163540617777,979
22e04a308a587b38abdce804e64bf839,f31b30a57e7f28c0,49ddfaef102fcee0,ts-order-other-service-6cdbf9b4cc-h7mqk,SELECT Order,1674992163520033881,1674992163521056599,1022
22e04a308a587b38abdce804e64bf839,0032c3b15dd6c6f3,59be251d3e2630e5,ts-order-other-service-6cdbf9b4cc-h7mqk,SELECT Order,1674992163539684213,1674992163540611938,927
22e04a308a587b38abdce804e64bf839,db9273901d6a1b76,f31b30a57e7f28c0,ts-order-other-service-6cdbf9b4cc-h7mqk,SELECT ts.orders_other,1674992163520475993,1674992163521042635,566
22e04a308a587b38abdce804e64bf839,8a6afc46f2d41c89,0032c3b15dd6c6f3,ts-order-other-service-6cdbf9b4cc-h7mqk,SELECT ts.orders_other,1674992163540091341,1674992163540599959,508
22e04a308a587b38abdce804e64bf839,28fb62060c475048,2baa2be86b1a5a32,ts-config-service-5fcd447d84-wxwjd,/api/v1/configservice/configs/{configName},1674992163527000000,1674992163529626012,2626
22e04a308a587b38abdce804e64bf839,c1ea778045594320,3678469f50bd5052,ts-config-service-5fcd447d84-wxwjd,/api/v1/configservice/configs/{configName},1674992163544000000,1674992163545389087,1389
22e04a308a587b38abdce804e64bf839,3adb684f125e867e,28fb62060c475048,ts-config-service-5fcd447d84-wxwjd,ConfigController.retrieve,1674992163527521630,1674992163529487006,1965
22e04a308a587b38abdce804e64bf839,52f07214a3af0182,c1ea778045594320,ts-config-service-5fcd447d84-wxwjd,ConfigController.retrieve,1674992163544236164,1674992163545290516,1054
22e04a308a587b38abdce804e64bf839,80f4422d1e436a83,3adb684f125e867e,ts-config-service-5fcd447d84-wxwjd,ConfigRepository.findByName,1674992163528033035,1674992163528980723,947
22e04a308a587b38abdce804e64bf839,d3e8247cddfc2110,52f07214a3af0182,ts-config-service-5fcd447d84-wxwjd,ConfigRepository.findByName,1674992163544475000,1674992163544941953,466
22e04a308a587b38abdce804e64bf839,511bf3c0040ef3e9,80f4422d1e436a83,ts-config-service-5fcd447d84-wxwjd,SELECT Config,1674992163528143465,1674992163528972212,828
22e04a308a587b38abdce804e64bf839,11427f0408f3f9c0,d3e8247cddfc2110,ts-config-service-5fcd447d84-wxwjd,SELECT Config,1674992163544516241,1674992163544939511,423
22e04a308a587b38abdce804e64bf839,6550e0ec1cbd6fd7,511bf3c0040ef3e9,ts-config-service-5fcd447d84-wxwjd,SELECT ts.config,1674992163528585522,1674992163528920954,335
22e04a308a587b38abdce804e64bf839,5e2929ae5258d17e,11427f0408f3f9c0,ts-config-service-5fcd447d84-wxwjd,SELECT ts.config,1674992163544556212,1674992163544910520,354
7276bb3bd0936d6cebb993348ceff5b0,1461062f4bc06356,root,ts-gateway-service-6f6cfc45b-h5m2n,/*,1674992130469000000,1674992130586034607,117034
7276bb3bd0936d6cebb993348ceff5b0,840a6008494f3547,1461062f4bc06356,ts-gateway-service-6f6cfc45b-h5m2n,FilteringWebHandler.handle,1674992130469948418,1674992130585758886,115810
7276bb3bd0936d6cebb993348ceff5b0,e1347f404b6d5e65,1461062f4bc06356,ts-gateway-service-6f6cfc45b-h5m2n,HTTP POST,1674992130470874939,1674992130585910721,115035
7276bb3bd0936d6cebb993348ceff5b0,5875f11d05f7630b,e1347f404b6d5e65,ts-travel-service-64469b5b48-25zj6,/api/v1/travelservice/trips/left,1674992130473000000,1674992130585052322,112052
7276bb3bd0936d6cebb993348ceff5b0,e82933a93d2594a0,5875f11d05f7630b,ts-travel-service-64469b5b48-25zj6,TravelController.queryInfo,1674992130474762463,1674992130584609761,109847
7276bb3bd0936d6cebb993348ceff5b0,edc36ddd947deda0,e82933a93d2594a0,ts-travel-service-64469b5b48-25zj6,TripRepository.findAll,1674992130475781483,1674992130478319824,2538
7276bb3bd0936d6cebb993348ceff5b0,da902ac845f1fbed,edc36ddd947deda0,ts-travel-service-64469b5b48-25zj6,SELECT Trip,1674992130477001135,1674992130477716269,715
7276bb3bd0936d6cebb993348ceff5b0,933073ef951741f5,edc36ddd947deda0,ts-travel-service-64469b5b48-25zj6,Transaction.commit,1674992130477761706,1674992130478129732,368
7276bb3bd0936d6cebb993348ceff5b0,3f082fece0a20053,da902ac845f1fbed,ts-travel-service-64469b5b48-25zj6,SELECT ts.trip,1674992130477138433,1674992130477571324,432
7276bb3bd0936d6cebb993348ceff5b0,aaf4d6af70a41980,e82933a93d2594a0,ts-travel-service-64469b5b48-25zj6,HTTP POST,1674992130479461773,1674992130528350851,48889
7276bb3bd0936d6cebb993348ceff5b0,a31e50050bc3a1e6,e82933a93d2594a0,ts-travel-service-64469b5b48-25zj6,HTTP POST,1674992130529653584,1674992130567380611,37727
7276bb3bd0936d6cebb993348ceff5b0,0881e1ef5eb3d6f4,e82933a93d2594a0,ts-travel-service-64469b5b48-25zj6,HTTP POST,1674992130568274526,1674992130583658595,15384
7276bb3bd0936d6cebb993348ceff5b0,5ab3b855c70e7d5a,aaf4d6af70a41980,ts-basic-service-5dc8d4f9fd-46997,/api/v1/basicservice/basic/travels,1674992130482000000,1674992130527381876,45381
7276bb3bd0936d6cebb993348ceff5b0,64cda6d12b6ce011,5ab3b855c70e7d5a,ts-basic-service-5dc8d4f9fd-46997,BasicController.queryForTravels,1674992130482483126,1674992130527245504,44762
7276bb3bd0936d6cebb993348ceff5b0,981f325bad704c23,64cda6d12b6ce011,ts-basic-service-5dc8d4f9fd-46997,HTTP POST,1674992130483591903,1674992130488936155,5344
7276bb3bd0936d6cebb993348ceff5b0,66fd10290629403f,64cda6d12b6ce011,ts-basic-service-5dc8d4f9fd-46997,HTTP POST,1674992130489511721,1674992130496306844,6795
7276bb3bd0936d6cebb993348ceff5b0,a0891f01a8410c73,64cda6d12b6ce011,ts-basic-service-5dc8d4f9fd-46997,HTTP POST,1674992130497118275,1674992130517574014,20455
7276bb3bd0936d6cebb993348ceff5b0,96010665dcf3af3e,64cda6d12b6ce011,ts-basic-service-5dc8d4f9fd-46997,HTTP POST,1674992130519214817,1674992130525774799,6559
7276bb3bd0936d6cebb993348ceff5b0,529ff5c613515057,981f325bad704c23,ts-station-service-7f4f5f6f77-5qb6j,/api/v1/stationservice/stations/idlist,1674992130485000000,1674992130488648285,3648
7276bb3bd0936d6cebb993348ceff5b0,826d1637e6fccdf9,529ff5c613515057,ts-station-service-7f4f5f6f77-5qb6j,StationController.queryForIdBatch,1674992130485726359,1674992130488416570,2690
7276bb3bd0936d6cebb993348ceff5b0,d6b51d53e1812244,826d1637e6fccdf9,ts-station-service-7f4f5f6f77-5qb6j,StationRepository.findByNames,1674992130486527785,1674992130488140029,1612
7276bb3bd0936d6cebb993348ceff5b0,632c5328bb24ed39,d6b51d53e1812244,ts-station-service-7f4f5f6f77-5qb6j,SELECT station,1674992130486667401,1674992130488123536,1456
7276bb3bd0936d6cebb993348ceff5b0,55a4f42de60f1e15,632c5328bb24ed39,ts-station-service-7f4f5f6f77-5qb6j,SELECT ts.station,1674992130487409963,1674992130488054566,644
7276bb3bd0936d6cebb993348ceff5b0,cd6582d4e20f10f1,66fd10290629403f,ts-train-service-86f5f97bc9-dkqmf,/api/v1/trainservice/trains/byNames,1674992130491000000,1674992130496008361,5008
7276bb3bd0936d6cebb993348ceff5b0,c39e1ab4ff32fdd9,cd6582d4e20f10f1,ts-train-service-86f5f97bc9-dkqmf,TrainController.retrieveByName,1674992130491741433,1674992130495610350,3868
7276bb3bd0936d6cebb993348ceff5b0,7fe53b8095383edc,c39e1ab4ff32fdd9,ts-train-service-86f5f97bc9-dkqmf,TrainTypeRepository.findByNames,1674992130492693919,1674992130495111641,2417
7276bb3bd0936d6cebb993348ceff5b0,9afc18bdc2821d94,7fe53b8095383edc,ts-train-service-86f5f97bc9-dkqmf,SELECT train_type,1674992130492863641,1674992130495089843,2226
7276bb3bd0936d6cebb993348ceff5b0,a1c111b6998fce7d,9afc18bdc2821d94,ts-train-service-86f5f97bc9-dkqmf,SELECT ts.train_type,1674992130494114463,1674992130494977514,863
7276bb3bd0936d6cebb993348ceff5b0,cef8d34ce0122295,a0891f01a8410c73,ts-route-service-b6c59fb57-zv8dt,/api/v1/routeservice/routes/byIds/,1674992130499000000,1674992130517319326,18319
7276bb3bd0936d6cebb993348ceff5b0,9efa44cbe5ef3d46,cef8d34ce0122295,ts-route-service-b6c59fb57-zv8dt,RouteController.queryByIds,1674992130500316111,1674992130516765142,16449
7276bb3bd0936d6cebb993348ceff5b0,dad5555fb5a0148b,9efa44cbe5ef3d46,ts-route-service-b6c59fb57-zv8dt,RouteRepository.findByIds,1674992130501687309,1674992130504522977,2835
7276bb3bd0936d6cebb993348ceff5b0,960a16e3de3322fa,dad5555fb5a0148b,ts-route-service-b6c59fb57-zv8dt,SELECT route,1674992130501987136,1674992130504499318,2512
7276bb3bd0936d6cebb993348ceff5b0,2a4d86b16725736e,960a16e3de3322fa,ts-route-service-b6c59fb57-zv8dt,SELECT ts.route,1674992130503296899,1674992130504184622,887
7276bb3bd0936d6cebb993348ceff5b0,1d86049fdbefac59,9efa44cbe5ef3d46,ts-route-service-b6c59fb57-zv8dt,SELECT ts.route_stations,1674992130504911719,1674992130505824950,913
7276bb3bd0936d6cebb993348ceff5b0,24f3ebc126884935,9efa44cbe5ef3d46,ts-route-service-b6c59fb57-zv8dt,SELECT ts.route_distances,1674992130505992417,1674992130508936708,2944
7276bb3bd0936d6cebb993348ceff5b0,fdd006bb1477a40b,9efa44cbe5ef3d46,ts-route-service-b6c59fb57-zv8dt,SELECT ts.route_stations,1674992130509158451,1674992130510032150,873
7276bb3bd0936d6cebb993348ceff5b0,99a644038066ac56,9efa44cbe5ef3d46,ts-route-service-b6c59fb57-zv8dt,SELECT ts.route_distances,1674992130510183162,1674992130510979713,796
7276bb3bd0936d6cebb993348ceff5b0,d9b3febca528e693,9efa44cbe5ef3d46,ts-route-service-b6c59fb57-zv8dt,SELECT ts.route_stations,1674992130511083253,1674992130511843861,760
7276bb3bd0936d6cebb993348ceff5b0,2aaf19b3d4dd0361,9efa44cbe5ef3d46,ts-route-service-b6c59fb57-zv8dt,SELECT ts.route_distances,1674992130511952418,1674992130512872798,920
7276bb3bd0936d6cebb993348ceff5b0,ee0d9d3699bfefa2,9efa44cbe5ef3d46,ts-route-service-b6c59fb57-zv8dt,SELECT ts.route_stations,1674992130512983541,1674992130513727543,744
7276bb3bd0936d6cebb993348ceff5b0,d9353feffcf42ddc,9efa44cbe5ef3d46,ts-route-service-b6c59fb57-zv8dt,SELECT ts.route_distances,1674992130513848137,1674992130514560489,712
7276bb3bd0936d6cebb993348ceff5b0,5bb4e65dffad8ca7,9efa44cbe5ef3d46,ts-route-service-b6c59fb57-zv8dt,SELECT ts.route_stations,1674992130514651326,1674992130515432254,780
7276bb3bd0936d6cebb993348ceff5b0,389de6b0ff88ffb4,9efa44cbe5ef3d46,ts-route-service-b6c59fb57-zv8dt,SELECT ts.route_distances,1674992130515658880,1674992130516399704,740
7276bb3bd0936d6cebb993348ceff5b0,c38d153ff9d9ab94,96010665dcf3af3e,ts-price-service-76846864d9-g465z,/api/v1/priceservice/prices/byRouteIdsAndTrainTypes,1674992130521000000,1674992130525795469,4795
7276bb3bd0936d6cebb993348ceff5b0,f36e54924556fba7,c38d153ff9d9ab94,ts-price-service-76846864d9-g465z,PriceController.query,1674992130521804828,1674992130525355530,3550
7276bb3bd0936d6cebb993348ceff5b0,7a32b025b32e8ab4,f36e54924556fba7,ts-price-service-76846864d9-g465z,PriceConfigRepository.findByRouteIdsAndTrainTypes,1674992130522788955,1674992130524885943,2096
7276bb3bd0936d6cebb993348ceff5b0,99e682dbd64bb5b4,7a32b025b32e8ab4,ts-price-service-76846864d9-g465z,SELECT price_config,1674992130522950184,1674992130524865094,1914
7276bb3bd0936d6cebb993348ceff5b0,66f82db3ea05f425,99e682dbd64bb5b4,ts-price-service-76846864d9-g465z,SELECT ts.price_config,1674992130523932708,1674992130524715902,783
7276bb3bd0936d6cebb993348ceff5b0,ea6d69cfcda1a63b,a31e50050bc3a1e6,ts-seat-service-5c95b49cff-tdsdz,/api/v1/seatservice/seats/left_tickets,1674992130532000000,1674992130566442572,34442
7276bb3bd0936d6cebb993348ceff5b0,d601ffdbc5366174,0881e1ef5eb3d6f4,ts-seat-service-5c95b49cff-tdsdz,/api/v1/seatservice/seats/left_tickets,1674992130569000000,1674992130582335128,13335
7276bb3bd0936d6cebb993348ceff5b0,858645f713d78c9a,ea6d69cfcda1a63b,ts-seat-service-5c95b49cff-tdsdz,SeatController.getLeftTicketOfInterval,1674992130532824736,1674992130566181340,33356
7276bb3bd0936d6cebb993348ceff5b0,77b0034b9046c84e,d601ffdbc5366174,ts-seat-service-5c95b49cff-tdsdz,SeatController.getLeftTicketOfInterval,1674992130569639755,1674992130582135057,12495
7276bb3bd0936d6cebb993348ceff5b0,879ffd73c4addef5,858645f713d78c9a,ts-seat-service-5c95b49cff-tdsdz,HTTP POST,1674992130535262397,1674992130558285626,23023
7276bb3bd0936d6cebb993348ceff5b0,1e05f56c449542ec,858645f713d78c9a,ts-seat-service-5c95b49cff-tdsdz,HTTP GET,1674992130559639913,1674992130564825420,5185
7276bb3bd0936d6cebb993348ceff5b0,8e008cb26754b105,77b0034b9046c84e,ts-seat-service-5c95b49cff-tdsdz,HTTP POST,1674992130571690227,1674992130575926837,4236
7276bb3bd0936d6cebb993348ceff5b0,0fd0d0c12034e72f,77b0034b9046c84e,ts-seat-service-5c95b49cff-tdsdz,HTTP GET,1674992130577068053,1674992130581036306,3968
7276bb3bd0936d6cebb993348ceff5b0,ce00f7985d4de2fe,879ffd73c4addef5,ts-order-service-5b67c48447-mv5hb,/api/v1/orderservice/order/tickets,1674992130539000000,1674992130542261100,3261
7276bb3bd0936d6cebb993348ceff5b0,49ba7dc37859f5d3,8e008cb26754b105,ts-order-service-5b67c48447-mv5hb,/api/v1/orderservice/order/tickets,1674992130573000000,1674992130574969654,1969
7276bb3bd0936d6cebb993348ceff5b0,3b09537c1f25426f,ce00f7985d4de2fe,ts-order-service-5b67c48447-mv5hb,OrderController.getTicketListByDateAndTripId,1674992130539421748,1674992130542130592,2708
7276bb3bd0936d6cebb993348ceff5b0,ee4a490079d0b05d,49ba7dc37859f5d3,ts-order-service-5b67c48447-mv5hb,OrderController.getTicketListByDateAndTripId,1674992130573226600,1674992130574877476,1650
7276bb3bd0936d6cebb993348ceff5b0,4b30718e5593cde1,3b09537c1f25426f,ts-order-service-5b67c48447-mv5hb,OrderRepository.findByTravelDateAndTrainNumber,1674992130540033416,1674992130541627751,1594
7276bb3bd0936d6cebb993348ceff5b0,6156e09426b381ff,ee4a490079d0b05d,ts-order-service-5b67c48447-mv5hb,OrderRepository.findByTravelDateAndTrainNumber,1674992130573541427,1674992130574536936,995
7276bb3bd0936d6cebb993348ceff5b0,1ec8fd648c4b940b,4b30718e5593cde1,ts-order-service-5b67c48447-mv5hb,SELECT Order,1674992130540102505,1674992130541609185,1506
7276bb3bd0936d6cebb993348ceff5b0,487411eb94832c46,6156e09426b381ff,ts-order-service-5b67c48447-mv5hb,SELECT Order,1674992130573582708,1674992130574525828,943
7276bb3bd0936d6cebb993348ceff5b0,92bf0d839d7a7a48,1ec8fd648c4b940b,ts-order-service-5b67c48447-mv5hb,SELECT ts.orders,1674992130540754060,1674992130541596451,842
7276bb3bd0936d6cebb993348ceff5b0,267db4e13d2d690e,487411eb94832c46,ts-order-service-5b67c48447-mv5hb,SELECT ts.orders,1674992130573632308,1674992130574516184,883
7276bb3bd0936d6cebb993348ceff5b0,de874d62203b8891,1e05f56c449542ec,ts-config-service-5fcd447d84-wxwjd,/api/v1/configservice/configs/{configName},1674992130562000000,1674992130564376890,2376
7276bb3bd0936d6cebb993348ceff5b0,fbcdd8b522a17107,0fd0d0c12034e72f,ts-config-service-5fcd447d84-wxwjd,/api/v1/configservice/configs/{configName},1674992130579000000,1674992130580462178,1462
7276bb3bd0936d6cebb993348ceff5b0,3dc202dc59e46e3b,de874d62203b8891,ts-config-service-5fcd447d84-wxwjd,ConfigController.retrieve,1674992130562461518,1674992130564260945,1799
7276bb3bd0936d6cebb993348ceff5b0,d60971374215d362,fbcdd8b522a17107,ts-config-service-5fcd447d84-wxwjd,ConfigController.retrieve,1674992130579203745,1674992130580351884,1148
7276bb3bd0936d6cebb993348ceff5b0,e3f9b3c420dc0b73,3dc202dc59e46e3b,ts-config-service-5fcd447d84-wxwjd,ConfigRepository.findByName,1674992130562878686,1674992130563813852,935
7276bb3bd0936d6cebb993348ceff5b0,8fa4d4da0bc50e54,d60971374215d362,ts-config-service-5fcd447d84-wxwjd,ConfigRepository.findByName,1674992130579444873,1674992130579971498,526
7276bb3bd0936d6cebb993348ceff5b0,ac7e88cd0cb99df9,e3f9b3c420dc0b73,ts-config-service-5fcd447d84-wxwjd,SELECT Config,1674992130562960243,1674992130563809802,849
7276bb3bd0936d6cebb993348ceff5b0,c57739ddd37e9795,8fa4d4da0bc50e54,ts-config-service-5fcd447d84-wxwjd,SELECT Config,1674992130579487060,1674992130579968289,481
7276bb3bd0936d6cebb993348ceff5b0,aa277f0a2f3ede54,ac7e88cd0cb99df9,ts-config-service-5fcd447d84-wxwjd,SELECT ts.config,1674992130563399267,1674992130563762271,363
7276bb3bd0936d6cebb993348ceff5b0,003dd02be4f74392,c57739ddd37e9795,ts-config-service-5fcd447d84-wxwjd,SELECT ts.config,1674992130579537325,1674992130579944625,407
ac87c0532d1072283a7edb0e08a1b2c4,7d3a83d2d244a174,root,ts-gateway-service-6f6cfc45b-h5m2n,/*,1674992147270000000,1674992147521222523,251222
ac87c0532d1072283a7edb0e08a1b2c4,b94b181ac5c7119f,7d3a83d2d244a174,ts-gateway-service-6f6cfc45b-h5m2n,FilteringWebHandler.handle,1674992147270778763,1674992147521017502,250238
ac87c0532d1072283a7edb0e08a1b2c4,c8f29ec026d20fae,7d3a83d2d244a174,ts-gateway-service-6f6cfc45b-h5m2n,HTTP POST,1674992147271707986,1674992147521187511,249479
ac87c0532d1072283a7edb0e08a1b2c4,2f5e0025eec609d2,c8f29ec026d20fae,ts-travel-service-64469b5b48-25zj6,/api/v1/travelservice/trips/left,1674992147274000000,1674992147519007871,245007
ac87c0532d1072283a7edb0e08a1b2c4,d8b199a10973e897,2f5e0025eec609d2,ts-travel-service-64469b5b48-25zj6,TravelController.queryInfo,1674992147275173491,1674992147518638463,243464
ac87c0532d1072283a7edb0e08a1b2c4,6da32f1846d700a1,d8b199a10973e897,ts-travel-service-64469b5b48-25zj6,TripRepository.findAll,1674992147275716108,1674992147278678920,2962
ac87c0532d1072283a7edb0e08a1b2c4,364abcf672cf26d3,6da32f1846d700a1,ts-travel-service-64469b5b48-25zj6,SELECT Trip,1674992147277453504,1674992147278157130,703
ac87c0532d1072283a7edb0e08a1b2c4,e3e5dd125d7a2e80,6da32f1846d700a1,ts-travel-service-64469b5b48-25zj6,Transaction.commit,1674992147278177953,1674992147278520942,342
ac87c0532d1072283a7edb0e08a1b2c4,8256ad953e1c53d2,364abcf672cf26d3,ts-travel-service-64469b5b48-25zj6,SELECT ts.trip,1674992147277537860,1674992147278071986,534
ac87c0532d1072283a7edb0e08a1b2c4,024407b7c85e8cde,d8b199a10973e897,ts-travel-service-64469b5b48-25zj6,HTTP POST,1674992147279488399,1674992147317441954,37953
ac87c0532d1072283a7edb0e08a1b2c4,576c0c376e6049fe,d8b199a10973e897,ts-travel-service-64469b5b48-25zj6,HTTP POST,1674992147318316737,1674992147344721683,26404
ac87c0532d1072283a7edb0e08a1b2c4,54decf8cef1608fc,d8b199a10973e897,ts-travel-service-64469b5b48-25zj6,HTTP POST,1674992147345351053,1674992147427623548,82272
ac87c0532d1072283a7edb0e08a1b2c4,25a1451fe799e804,024407b7c85e8cde,ts-basic-service-5dc8d4f9fd-46997,/api/v1/basicservice/basic/travels,1674992147281000000,1674992147317022433,36022
ac87c0532d1072283a7edb0e08a1b2c4,71dc835c225636e9,25a1451fe799e804,ts-basic-service-5dc8d4f9fd-46997,BasicController.queryForTravels,1674992147281403096,1674992147316897814,35494
ac87c0532d1072283a7edb0e08a1b2c4,f4b316ec23cfac80,71dc835c225636e9,ts-basic-service-5dc8d4f9fd-46997,HTTP POST,1674992147282335350,1674992147285819094,3483
ac87c0532d1072283a7edb0e08a1b2c4,7480df5a018e336d,71dc835c225636e9,ts-basic-service-5dc8d4f9fd-46997,HTTP POST,1674992147286296622,1674992147292144410,5847
ac87c0532d1072283a7edb0e08a1b2c4,0215689ef35235c6,71dc835c225636e9,ts-basic-service-5dc8d4f9fd-46997,HTTP POST,1674992147292967278,1674992147309254700,16287
ac87c0532d1072283a7edb0e08a1b2c4,845c967bf5e3cc30,71dc835c225636e9,ts-basic-service-5dc8d4f9fd-46997,HTTP POST,1674992147310410154,1674992147315846726,5436
ac87c0532d1072283a7edb0e08a1b2c4,060313ad5b3c891f,f4b316ec23cfac80,ts-station-service-7f4f5f6f77-5qb6j,/api/v1/stationservice/stations/idlist,1674992147283000000,1674992147285409320,2409
ac87c0532d1072283a7edb0e08a1b2c4,1a1b4420247ce759,060313ad5b3c891f,ts-station-service-7f4f5f6f77-5qb6j,StationController.queryForIdBatch,1674992147283445736,1674992147285262273,1816
ac87c0532d1072283a7edb0e08a1b2c4,4a0e73cb6de9b3f7,1a1b4420247ce759,ts-station-service-7f4f5f6f77-5qb6j,StationRepository.findByNames,1674992147283995400,1674992147285015663,1020
ac87c0532d1072283a7edb0e08a1b2c4,62b87bfbc10b6bf1,4a0e73cb6de9b3f7,ts-station-service-7f4f5f6f77-5qb6j,SELECT station,1674992147284090687,1674992147285004019,913
ac87c0532d1072283a7edb0e08a1b2c4,45add61031f59e79,62b87bfbc10b6bf1,ts-station-service-7f4f5f6f77-5qb6j,SELECT ts.station,1674992147284204999,1674992147284950358,745
ac87c0532d1072283a7edb0e08a1b2c4,da9526d3832a6015,7480df5a018e336d,ts-train-service-86f5f97bc9-dkqmf,/api/v1/trainservice/trains/byNames,1674992147288000000,1674992147292099230,4099
ac87c0532d1072283a7edb0e08a1b2c4,918fe0914d5087c6,da9526d3832a6015,ts-train-service-86f5f97bc9-dkqmf,TrainController.retrieveByName,1674992147288795593,1674992147291745609,2950
ac87c0532d1072283a7edb0e08a1b2c4,591f4902ccc5a098,918fe0914d5087c6,ts-train-service-86f5f97bc9-dkqmf,TrainTypeRepository.findByNames,1674992147289823234,1674992147291286581,1463
ac87c0532d1072283a7edb0e08a1b2c4,096814b796ff08d7,591f4902ccc5a098,ts-train-service-86f5f97bc9-dkqmf,SELECT train_type,1674992147289986961,1674992147291265861,1278
ac87c0532d1072283a7edb0e08a1b2c4,dc9d2d8aebc23946,096814b796ff08d7,ts-train-service-86f5f97bc9-dkqmf,SELECT ts.train_type,1674992147290167624,1674992147291158574,990
ac87c0532d1072283a7edb0e08a1b2c4,683363f37894cd79,0215689ef35235c6,ts-route-service-b6c59fb57-zv8dt,/api/v1/routeservice/routes/byIds/,1674992147295000000,1674992147308955691,13955
ac87c0532d1072283a7edb0e08a1b2c4,1f11efbeb3ab842e,683363f37894cd79,ts-route-service-b6c59fb57-zv8dt,RouteController.queryByIds,1674992147296199923,1674992147308549643,12349
ac87c0532d1072283a7edb0e08a1b2c4,a6bc8ba5222886f0,1f11efbeb3ab842e,ts-route-service-b6c59fb57-zv8dt,RouteRepository.findByIds,1674992147297471679,1674992147299465630,1993
ac87c0532d1072283a7edb0e08a1b2c4,3c7803fcf3386878,a6bc8ba5222886f0,ts-route-service-b6c59fb57-zv8dt,SELECT route,1674992147297714426,1674992147299443036,1728
ac87c0532d1072283a7edb0e08a1b2c4,8c47a69bcbcb8550,3c7803fcf3386878,ts-route-service-b6c59fb57-zv8dt,SELECT ts.route,1674992147297979828,1674992147299152141,1172
ac87c0532d1072283a7edb0e08a1b2c4,9be44be161a34ec0,1f11efbeb3ab842e,ts-route-service-b6c59fb57-zv8dt,SELECT ts.route_stations,1674992147299823516,1674992147300660453,836
ac87c0532d1072283a7edb0e08a1b2c4,19e4f94c500159ea,1f11efbeb3ab842e,ts-route-service-b6c59fb57-zv8dt,SELECT ts.route_distances,1674992147300872304,1674992147301609922,737
ac87c0532d1072283a7edb0e08a1b2c4,018a6c811949a908,1f11efbeb3ab842e,ts-route-service-b6c59fb57-zv8dt,SELECT ts.route_stations,1674992147301734534,1674992147302420461,685
ac87c0532d1072283a7edb0e08a1b2c4,a5443407f5543505,1f11efbeb3ab842e,ts-route-service-b6c59fb57-zv8dt,SELECT ts.route_distances,1674992147302507221,1674992147303198696,691
ac87c0532d1072283a7edb0e08a1b2c4,6cc1f948eba02d94,1f11efbeb3ab842e,ts-route-service-b6c59fb57-zv8dt,SELECT ts.route_stations,1674992147303280917,1674992147303954788,673
ac87c0532d1072283a7edb0e08a1b2c4,00a3ebcf96371f72,1f11efbeb3ab842e,ts-route-service-b6c59fb57-zv8dt,SELECT ts.route_distances,1674992147304041180,1674992147304717894,676
ac87c0532d1072283a7edb0e08a1b2c4,792b6cba92b63e08,1f11efbeb3ab842e,ts-route-service-b6c59fb57-zv8dt,SELECT ts.route_stations,1674992147304801588,1674992147305683217,881
ac87c0532d1072283a7edb0e08a1b2c4,fc49ecc988f1af54,1f11efbeb3ab842e,ts-route-service-b6c59fb57-zv8dt,SELECT ts.route_distances,1674992147305766425,1674992147306582123,815
ac87c0532d1072283a7edb0e08a1b2c4,a8dea09025b1e86f,1f11efbeb3ab842e,ts-route-service-b6c59fb57-zv8dt,SELECT ts.route_stations,1674992147306667328,1674992147307445141,777
ac87c0532d1072283a7edb0e08a1b2c4,9931d4e8db6f3496,1f11efbeb3ab842e,ts-route-service-b6c59fb57-zv8dt,SELECT ts.route_distances,1674992147307527530,1674992147308281889,754
ac87c0532d1072283a7edb0e08a1b2c4,965cb9173403b7ff,845c967bf5e3cc30,ts-price-service-76846864d9-g465z,/api/v1/priceservice/prices/byRouteIdsAndTrainTypes,1674992147312000000,1674992147315872759,3872
ac87c0532d1072283a7edb0e08a1b2c4,fa67294f97b2867f,965cb9173403b7ff,ts-price-service-76846864d9-g465z,PriceController.query,1674992147312748908,1674992147315547816,2798
ac87c0532d1072283a7edb0e08a1b2c4,58061793666636ba,fa67294f97b2867f,ts-price-service-76846864d9-g465z,PriceConfigRepository.findByRouteIdsAndTrainTypes,1674992147313766190,1674992147315087402,1321
ac87c0532d1072283a7edb0e08a1b2c4,12ca7720a9090ac5,58061793666636ba,ts-price-service-76846864d9-g465z,SELECT price_config,1674992147313934959,1674992147315069538,1134
ac87c0532d1072283a7edb0e08a1b2c4,6e5496716547bf5f,12ca7720a9090ac5,ts-price-service-76846864d9-g465z,SELECT ts.price_config,1674992147314097173,1674992147314951554,854
ac87c0532d1072283a7edb0e08a1b2c4,fee06ee49486f2a9,576c0c376e6049fe,ts-seat-service-5c95b49cff-tdsdz,/api/v1/seatservice/seats/left_tickets,1674992147322000000,1674992147344107985,22107
ac87c0532d1072283a7edb0e08a1b2c4,f9fc1d0a025c86e5,54decf8cef1608fc,ts-seat-service-5c95b49cff-tdsdz,/api/v1/seatservice/seats/left_tickets,1674992147363000000,1674992147375297084,12297
ac87c0532d1072283a7edb0e08a1b2c4,ef0b5234915a182c,fee06ee49486f2a9,ts-seat-service-5c95b49cff-tdsdz,SeatController.getLeftTicketOfInterval,1674992147322567627,1674992147343881617,21313
ac87c0532d1072283a7edb0e08a1b2c4,2f0b996ac86f9371,f9fc1d0a025c86e5,ts-seat-service-5c95b49cff-tdsdz,SeatController.getLeftTicketOfInterval,1674992147363461044,1674992147375084524,11623
ac87c0532d1072283a7edb0e08a1b2c4,a8a93c943630cabd,ef0b5234915a182c,ts-seat-service-5c95b49cff-tdsdz,HTTP POST,1674992147324652638,1674992147336321371,11668
ac87c0532d1072283a7edb0e08a1b2c4,e619ef37ff60b320,ef0b5234915a182c,ts-seat-service-5c95b49cff-tdsdz,HTTP GET,1674992147337480157,1674992147342760249,5280
ac87c0532d1072283a7edb0e08a1b2c4,cdc6326fafc88aaf,2f0b996ac86f9371,ts-seat-service-5c95b49cff-tdsdz,HTTP POST,1674992147365093522,1674992147369485807,4392
ac87c0532d1072283a7edb0e08a1b2c4,de11e168c9a9f132,2f0b996ac86f9371,ts-seat-service-5c95b49cff-tdsdz,HTTP GET,1674992147370341803,1674992147374056973,3715
ac87c0532d1072283a7edb0e08a1b2c4,c8a4de19a70a535f,a8a93c943630cabd,ts-order-service-5b67c48447-mv5hb,/api/v1/orderservice/order/tickets,1674992147326000000,1674992147334546459,8546
ac87c0532d1072283a7edb0e08a1b2c4,e5d0c00c8a8cfaff,cdc6326fafc88aaf,ts-order-service-5b67c48447-mv5hb,/api/v1/orderservice/order/tickets,1674992147366000000,1674992147368190019,2190
ac87c0532d1072283a7edb0e08a1b2c4,0d5adb56bdbb22df,c8a4de19a70a535f,ts-order-service-5b67c48447-mv5hb,OrderController.getTicketListByDateAndTripId,1674992147326425222,1674992147334403609,7978
ac87c0532d1072283a7edb0e08a1b2c4,6f48fe7bdf846a1d,e5d0c00c8a8cfaff,ts-order-service-5b67c48447-mv5hb,OrderController.getTicketListByDateAndTripId,1674992147366295994,1674992147368101326,1805
ac87c0532d1072283a7edb0e08a1b2c4,efd1ca4db984d8cc,0d5adb56bdbb22df,ts-order-service-5b67c48447-mv5hb,OrderRepository.findByTravelDateAndTrainNumber,1674992147327071533,1674992147333858241,6786
ac87c0532d1072283a7edb0e08a1b2c4,52f5e9ec2b6b215d,6f48fe7bdf846a1d,ts-order-service-5b67c48447-mv5hb,OrderRepository.findByTravelDateAndTrainNumber,1674992147366626370,1674992147367757103,1130
ac87c0532d1072283a7edb0e08a1b2c4,a7f99cad15f91fd1,efd1ca4db984d8cc,ts-order-service-5b67c48447-mv5hb,SELECT Order,1674992147327151239,1674992147333845948,6694
ac87c0532d1072283a7edb0e08a1b2c4,59bb6d6f6b686b16,52f5e9ec2b6b215d,ts-order-service-5b67c48447-mv5hb,SELECT Order,1674992147366674076,1674992147367751042,1076
ac87c0532d1072283a7edb0e08a1b2c4,7a7890d638327667,a7f99cad15f91fd1,ts-order-service-5b67c48447-mv5hb,SELECT ts.orders,1674992147329209110,1674992147333831352,4622
ac87c0532d1072283a7edb0e08a1b2c4,8f859da14342302d,59bb6d6f6b686b16,ts-order-service-5b67c48447-mv5hb,SELECT ts.orders,1674992147366725865,1674992147367742928,1017
ac87c0532d1072283a7edb0e08a1b2c4,f8782930b33514f1,e619ef37ff60b320,ts-config-service-5fcd447d84-wxwjd,/api/v1/configservice/configs/{configName},1674992147339000000,1674992147341674186,2674
ac87c0532d1072283a7edb0e08a1b2c4,eba92845bd4a06a6,de11e168c9a9f132,ts-config-service-5fcd447d84-wxwjd,/api/v1/configservice/configs/{configName},1674992147371000000,1674992147372338597,1338
ac87c0532d1072283a7edb0e08a1b2c4,75200e1da809cb43,f8782930b33514f1,ts-config-service-5fcd447d84-wxwjd,ConfigController.retrieve,1674992147339505764,1674992147341527338,2021
ac87c0532d1072283a7edb0e08a1b2c4,14c9b77b5b9b4cec,eba92845bd4a06a6,ts-config-service-5fcd447d84-wxwjd,ConfigController.retrieve,1674992147371201392,1674992147372248176,1046
ac87c0532d1072283a7edb0e08a1b2c4,1eeaaaf409880f4d,75200e1da809cb43,ts-config-service-5fcd447d84-wxwjd,ConfigRepository.findByName,1674992147339992362,1674992147341058450,1066
ac87c0532d1072283a7edb0e08a1b2c4,d48615f4bd1feaf4,14c9b77b5b9b4cec,ts-config-service-5fcd447d84-wxwjd,ConfigRepository.findByName,1674992147371412004,1674992147371930226,518
ac87c0532d1072283a7edb0e08a1b2c4,d72fcce08f71a363,1eeaaaf409880f4d,ts-config-service-5fcd447d84-wxwjd,SELECT Config,1674992147340066200,1674992147341050682,984
ac87c0532d1072283a7edb0e08a1b2c4,cf9c4e460c183ea7,d48615f4bd1feaf4,ts-config-service-5fcd447d84-wxwjd,SELECT Config,1674992147371438186,1674992147371928173,489
ac87c0532d1072283a7edb0e08a1b2c4,71bda1fbda80f8b8,d72fcce08f71a363,ts-config-service-5fcd447d84-wxwjd,SELECT ts.config,1674992147340593625,1674992147340997027,403
ac87c0532d1072283a7edb0e08a1b2c4,5268c5b8d3f1bc78,cf9c4e460c183ea7,ts-config-service-5fcd447d84-wxwjd,SELECT ts.config,1674992147371467391,1674992147371900005,432
5351baf5baa9ea8dcccada577b57b1a7,6e57fa86ea4d85ef,root,ts-gateway-service-6f6cfc45b-h5m2n,/*,1674992146804000000,1674992147740304583,936304
5351baf5baa9ea8dcccada577b57b1a7,7aec877e3dedf69f,6e57fa86ea4d85ef,ts-gateway-service-6f6cfc45b-h5m2n,FilteringWebHandler.handle,1674992146804738340,1674992147740116651,935378
5351baf5baa9ea8dcccada577b57b1a7,2475412475d17e0e,6e57fa86ea4d85ef,ts-gateway-service-6f6cfc45b-h5m2n,HTTP POST,1674992146805754860,1674992147740277400,934522
5351baf5baa9ea8dcccada577b57b1a7,41078c6523c441dd,2475412475d17e0e,ts-travel-service-64469b5b48-25zj6,/api/v1/travelservice/trips/left,1674992146807000000,1674992147738873878,931873
5351baf5baa9ea8dcccada577b57b1a7,cde52e263497cdcb,41078c6523c441dd,ts-travel-service-64469b5b48-25zj6,TravelController.queryInfo,1674992146807754754,1674992147738375854,930621
5351baf5baa9ea8dcccada577b57b1a7,3c1ab37d0e88571c,cde52e263497cdcb,ts-travel-service-64469b5b48-25zj6,TripRepository.findAll,1674992146808324680,1674992146810620079,2295
5351baf5baa9ea8dcccada577b57b1a7,55ceee2cc2944d59,3c1ab37d0e88571c,ts-travel-service-64469b5b48-25zj6,SELECT Trip,1674992146809168000,1674992146809894760,726
5351baf5baa9ea8dcccada577b57b1a7,d81fa80986fc4992,3c1ab37d0e88571c,ts-travel-service-64469b5b48-25zj6,Transaction.commit,1674992146809918189,1674992146810406406,488
5351baf5baa9ea8dcccada577b57b1a7,3850c8a6476169da,55ceee2cc2944d59,ts-travel-service-64469b5b48-25zj6,SELECT ts.trip,1674992146809257555,1674992146809782414,524
5351baf5baa9ea8dcccada577b57b1a7,27a5e3ac5365a0f5,cde52e263497cdcb,ts-travel-service-64469b5b48-25zj6,HTTP POST,1674992146811593488,1674992147114695082,303101
5351baf5baa9ea8dcccada577b57b1a7,2414ff61533086d2,cde52e263497cdcb,ts-travel-service-64469b5b48-25zj6,HTTP POST,1674992147116001307,1674992147361216226,245214
5351baf5baa9ea8dcccada577b57b1a7,2bd78edafe0adb8e,cde52e263497cdcb,ts-travel-service-64469b5b48-25zj6,HTTP POST,1674992147429612919,1674992147561200255,131587
5351baf5baa9ea8dcccada577b57b1a7,6e1d89aab46b5993,cde52e263497cdcb,ts-travel-service-64469b5b48-25zj6,HTTP POST,1674992147562587820,1674992147593064668,30476
5351baf5baa9ea8dcccada577b57b1a7,ad68bf80ed4d8768,cde52e263497cdcb,ts-travel-service-64469b5b48-25zj6,HTTP POST,1674992147593829925,1674992147656889579,63059
5351baf5baa9ea8dcccada577b57b1a7,7592944d1f7bde13,cde52e263497cdcb,ts-travel-service-64469b5b48-25zj6,HTTP POST,1674992147658068462,1674992147688513461,30444
5351baf5baa9ea8dcccada577b57b1a7,33db2105c0f6bf75,cde52e263497cdcb,ts-travel-service-64469b5b48-25zj6,HTTP POST,1674992147689370254,1674992147737333942,47963
5351baf5baa9ea8dcccada577b57b1a7,961c0488ac115760,27a5e3ac5365a0f5,ts-basic-service-5dc8d4f9fd-46997,/api/v1/basicservice/basic/travels,1674992146813000000,1674992147113950196,300950
5351baf5baa9ea8dcccada577b57b1a7,0e7f82042ce3ae1b,961c0488ac115760,ts-basic-service-5dc8d4f9fd-46997,BasicController.queryForTravels,1674992146813450884,1674992147113811562,300360
5351baf5baa9ea8dcccada577b57b1a7,9b113385bb55460f,0e7f82042ce3ae1b,ts-basic-service-5dc8d4f9fd-46997,HTTP POST,1674992146814515929,1674992146818588912,4072
5351baf5baa9ea8dcccada577b57b1a7,8157a57290c9814a,0e7f82042ce3ae1b,ts-basic-service-5dc8d4f9fd-46997,HTTP POST,1674992146819483918,1674992146826028026,6544
5351baf5baa9ea8dcccada577b57b1a7,6452d4133fb4518c,0e7f82042ce3ae1b,ts-basic-service-5dc8d4f9fd-46997,HTTP POST,1674992146827178300,1674992147080858328,253680
5351baf5baa9ea8dcccada577b57b1a7,2c38e67f9f7e5d2b,0e7f82042ce3ae1b,ts-basic-service-5dc8d4f9fd-46997,HTTP POST,1674992147082266024,1674992147107911889,25645
5351baf5baa9ea8dcccada577b57b1a7,f032be9b598657b1,9b113385bb55460f,ts-station-service-7f4f5f6f77-5qb6j,/api/v1/stationservice/stations/idlist,1674992146816000000,1674992146818727139,2727
5351baf5baa9ea8dcccada577b57b1a7,709ee4c48b7d4f19,f032be9b598657b1,ts-station-service-7f4f5f6f77-5qb6j,StationController.queryForIdBatch,1674992146816507759,1674992146818560793,2053
5351baf5baa9ea8dcccada577b57b1a7,b81252c6c11040f1,709ee4c48b7d4f19,ts-station-service-7f4f5f6f77-5qb6j,StationRepository.findByNames,1674992146817190620,1674992146818303547,1112
5351baf5baa9ea8dcccada577b57b1a7,e4d123b93678f84a,b81252c6c11040f1,ts-station-service-7f4f5f6f77-5qb6j,SELECT station,1674992146817308589,1674992146818292085,983
5351baf5baa9ea8dcccada577b57b1a7,72b86c8dca1b2c7f,e4d123b93678f84a,ts-station-service-7f4f5f6f77-5qb6j,SELECT ts.station,1674992146817440857,1674992146818237185,796
5351baf5baa9ea8dcccada577b57b1a7,0938c35bb945f913,8157a57290c9814a,ts-train-service-86f5f97bc9-dkqmf,/api/v1/trainservice/trains/byNames,1674992146821000000,1674992146825397556,4397
5351baf5baa9ea8dcccada577b57b1a7,4d4138479b765aff,0938c35bb945f913,ts-train-service-86f5f97bc9-dkqmf,TrainController.retrieveByName,1674992146821890790,1674992146825036578,3145
5351baf5baa9ea8dcccada577b57b1a7,fe706de7835d8e4a,4d4138479b765aff,ts-train-service-86f5f97bc9-dkqmf,TrainTypeRepository.findByNames,1674992146823013215,1674992146824530485,1517
5351baf5baa9ea8dcccada577b57b1a7,4a3d190541d145ff,fe706de7835d8e4a,ts-train-service-86f5f97bc9-dkqmf,SELECT train_type,1674992146823194524,1674992146824509226,1314
5351baf5baa9ea8dcccada577b57b1a7,7a59722e8bd580fe,4a3d190541d145ff,ts-train-service-86f5f97bc9-dkqmf,SELECT ts.train_type,1674992146823398863,1674992146824387392,988
5351baf5baa9ea8dcccada577b57b1a7,17f19e5e22c93d69,6452d4133fb4518c,ts-route-service-b6c59fb57-zv8dt,/api/v1/routeservice/routes/byIds/,1674992147063000000,1674992147079889906,16889
5351baf5baa9ea8dcccada577b57b1a7,56b9c26d442a194d,17f19e5e22c93d69,ts-route-service-b6c59fb57-zv8dt,RouteController.queryByIds,1674992147064463723,1674992147079315802,14852
5351baf5baa9ea8dcccada577b57b1a7,4fa3b9742b4cc54c,56b9c26d442a194d,ts-route-service-b6c59fb57-zv8dt,RouteRepository.findByIds,1674992147065969866,1674992147068860835,2890
5351baf5baa9ea8dcccada577b57b1a7,68ef5fe9fb1d77f5,4fa3b9742b4cc54c,ts-route-service-b6c59fb57-zv8dt,SELECT route,1674992147066247408,1674992147068830763,2583
5351baf5baa9ea8dcccada577b57b1a7,4ade7ecfe45efd89,68ef5fe9fb1d77f5,ts-route-service-b6c59fb57-zv8dt,SELECT ts.route,1674992147067538218,1674992147068563596,1025
5351baf5baa9ea8dcccada577b57b1a7,e68c451613e81dfd,56b9c26d442a194d,ts-route-service-b6c59fb57-zv8dt,SELECT ts.route_stations,1674992147069319756,1674992147070218735,898
5351baf5baa9ea8dcccada577b57b1a7,deb249a8674ea91a,56b9c26d442a194d,ts-route-service-b6c59fb57-zv8dt,SELECT ts.route_distances,1674992147070424666,1674992147071161888,737
5351baf5baa9ea8dcccada577b57b1a7,5283f045f0bc44ce,56b9c26d442a194d,ts-route-service-b6c59fb57-zv8dt,SELECT ts.route_stations,1674992147071316949,1674992147072054108,737
5351baf5baa9ea8dcccada577b57b1a7,4f6bdc1aa3ef12d9,56b9c26d442a194d,ts-route-service-b6c59fb57-zv8dt,SELECT ts.route_distances,1674992147072168034,1674992147073755308,1587
5351baf5baa9ea8dcccada577b57b1a7,3b0e09e4b227bd73,56b9c26d442a194d,ts-route-service-b6c59fb57-zv8dt,SELECT ts.route_stations,1674992147073855380,1674992147074612086,756
5351baf5baa9ea8dcccada577b57b1a7,b68318aebd165337,56b9c26d442a194d,ts-route-service-b6c59fb57-zv8dt,SELECT ts.route_distances,1674992147074728874,1674992147075498157,769
5351baf5baa9ea8dcccada577b57b1a7,8e5ef7c0a46ecd13,56b9c26d442a194d,ts-route-service-b6c59fb57-zv8dt,SELECT ts.route_stations,1674992147075657579,1674992147076425692,768
5351baf5baa9ea8dcccada577b57b1a7,698fc0e8df991dc9,56b9c26d442a194d,ts-route-service-b6c59fb57-zv8dt,SELECT ts.route_distances,1674992147076513422,1674992147077227032,713
5351baf5baa9ea8dcccada577b57b1a7,58cfed33f864f1a7,56b9c26d442a194d,ts-route-service-b6c59fb57-zv8dt,SELECT ts.route_stations,1674992147077328186,1674992147078128623,800
5351baf5baa9ea8dcccada577b57b1a7,2cb69657a9233bda,56b9c26d442a194d,ts-route-service-b6c59fb57-zv8dt,SELECT ts.route_distances,1674992147078213663,1674992147078951357,737
5351baf5baa9ea8dcccada577b57b1a7,c7b7c59f283cec3a,2c38e67f9f7e5d2b,ts-price-service-76846864d9-g465z,/api/v1/priceservice/prices/byRouteIdsAndTrainTypes,1674992147103000000,1674992147108158751,5158
5351baf5baa9ea8dcccada577b57b1a7,d16e58b91d1279f1,c7b7c59f283cec3a,ts-price-service-76846864d9-g465z,PriceController.query,1674992147103754691,1674992147107753271,3998
5351baf5baa9ea8dcccada577b57b1a7,76e2c16c0adf8170,d16e58b91d1279f1,ts-price-service-76846864d9-g465z,PriceConfigRepository.findByRouteIdsAndTrainTypes,1674992147104767997,1674992147107158599,2390
5351baf5baa9ea8dcccada577b57b1a7,378a2dade80a75c2,76e2c16c0adf8170,ts-price-service-76846864d9-g465z,SELECT price_config,1674992147104934241,1674992147107136469,2202
5351baf5baa9ea8dcccada577b57b1a7,1f357b0aa26fe4b0,378a2dade80a75c2,ts-price-service-76846864d9-g465z,SELECT ts.price_config,1674992147106069226,1674992147106972168,902
5351baf5baa9ea8dcccada577b57b1a7,1bfd66b789592c10,2414ff61533086d2,ts-seat-service-5c95b49cff-tdsdz,/api/v1/seatservice/seats/left_tickets,1674992147339000000,1674992147360620797,21620
5351baf5baa9ea8dcccada577b57b1a7,4320996219892f92,2bd78edafe0adb8e,ts-seat-service-5c95b49cff-tdsdz,/api/v1/seatservice/seats/left_tickets,1674992147520000000,1674992147560945428,40945
5351baf5baa9ea8dcccada577b57b1a7,03db8028c4e380ab,6e1d89aab46b5993,ts-seat-service-5c95b49cff-tdsdz,/api/v1/seatservice/seats/left_tickets,1674992147564000000,1674992147591959035,27959
5351baf5baa9ea8dcccada577b57b1a7,0874b29571c36d08,ad68bf80ed4d8768,ts-seat-service-5c95b49cff-tdsdz,/api/v1/seatservice/seats/left_tickets,1674992147611000000,1674992147656370087,45370
5351baf5baa9ea8dcccada577b57b1a7,cc4c6831496b9cf6,7592944d1f7bde13,ts-seat-service-5c95b49cff-tdsdz,/api/v1/seatservice/seats/left_tickets,1674992147659000000,1674992147687670925,28670
5351baf5baa9ea8dcccada577b57b1a7,0c71681a991545c6,33db2105c0f6bf75,ts-seat-service-5c95b49cff-tdsdz,/api/v1/seatservice/seats/left_tickets,1674992147707000000,1674992147736654869,29654
5351baf5baa9ea8dcccada577b57b1a7,f9bbee6ca4bde3d7,1bfd66b789592c10,ts-seat-service-5c95b49cff-tdsdz,SeatController.getLeftTicketOfInterval,1674992147339544789,1674992147360397540,20852
5351baf5baa9ea8dcccada577b57b1a7,bcc8a8428f43b1e7,4320996219892f92,ts-seat-service-5c95b49cff-tdsdz,SeatController.getLeftTicketOfInterval,1674992147520468582,1674992147560722453,40253
5351baf5baa9ea8dcccada577b57b1a7,d798f5d4bd991fed,03db8028c4e380ab,ts-seat-service-5c95b49cff-tdsdz,SeatController.getLeftTicketOfInterval,1674992147564439432,1674992147591757605,27318
5351baf5baa9ea8dcccada577b57b1a7,59c5118b28b5a89d,0874b29571c36d08,ts-seat-service-5c95b49cff-tdsdz,SeatController.getLeftTicketOfInterval,1674992147611449834,1674992147656169884,44720
5351baf5baa9ea8dcccada577b57b1a7,8ff34036cc037e1e,cc4c6831496b9cf6,ts-seat-service-5c95b49cff-tdsdz,SeatController.getLeftTicketOfInterval,1674992147659415618,1674992147687476340,28060
5351baf5baa9ea8dcccada577b57b1a7,13b5f1de64b6a323,0c71681a991545c6,ts-seat-service-5c95b49cff-tdsdz,SeatController.getLeftTicketOfInterval,1674992147707444099,1674992147736465574,29021
5351baf5baa9ea8dcccada577b57b1a7,367b4df3244d4939,f9bbee6ca4bde3d7,ts-seat-service-5c95b49cff-tdsdz,HTTP POST,1674992147341438953,1674992147354607146,13168
5351baf5baa9ea8dcccada577b57b1a7,4b0337cc675298ca,f9bbee6ca4bde3d7,ts-seat-service-5c95b49cff-tdsdz,HTTP GET,1674992147355591674,1674992147359335356,3743
5351baf5baa9ea8dcccada577b57b1a7,291796cba9728341,bcc8a8428f43b1e7,ts-seat-service-5c95b49cff-tdsdz,HTTP POST,1674992147522352537,1674992147554839225,32486
5351baf5baa9ea8dcccada577b57b1a7,539c20877d36bcfe,bcc8a8428f43b1e7,ts-seat-service-5c95b49cff-tdsdz,HTTP GET,1674992147555836801,1674992147559557781,3720
5351baf5baa9ea8dcccada577b57b1a7,69e831e7a2b6a6bd,d798f5d4bd991fed,ts-seat-service-5c95b49cff-tdsdz,HTTP POST,1674992147566172484,1674992147571014626,4842
5351baf5baa9ea8dcccada577b57b1a7,8588b90f749751c0,d798f5d4bd991fed,ts-seat-service-5c95b49cff-tdsdz,HTTP GET,1674992147571864585,1674992147590754115,18889
5351baf5baa9ea8dcccada577b57b1a7,00e28f05afe1b263,59c5118b28b5a89d,ts-seat-service-5c95b49cff-tdsdz,HTTP POST,1674992147613074469,1674992147635132760,22058
5351baf5baa9ea8dcccada577b57b1a7,0f5566179b700967,59c5118b28b5a89d,ts-seat-service-5c95b49cff-tdsdz,HTTP GET,1674992147636012485,1674992147655197767,19185
5351baf5baa9ea8dcccada577b57b1a7,e19fe694ffbb7d76,8ff34036cc037e1e,ts-seat-service-5c95b49cff-tdsdz,HTTP POST,1674992147661120802,1674992147666576241,5455
5351baf5baa9ea8dcccada577b57b1a7,241e0905c5b72212,8ff34036cc037e1e,ts-seat-service-5c95b49cff-tdsdz,HTTP GET,1674992147667399677,1674992147686481538,19081
5351baf5baa9ea8dcccada577b57b1a7,145d08521afe820c,13b5f1de64b6a323,ts-seat-service-5c95b49cff-tdsdz,HTTP POST,1674992147709071115,1674992147713492634,4421
5351baf5baa9ea8dcccada577b57b1a7,67e24e3f14b54349,13b5f1de64b6a323,ts-seat-service-5c95b49cff-tdsdz,HTTP GET,1674992147714331799,1674992147735464671,21132
5351baf5baa9ea8dcccada577b57b1a7,931fe2a837fb2547,367b4df3244d4939,ts-order-service-5b67c48447-mv5hb,/api/v1/orderservice/order/tickets,1674992147350000000,1674992147352995525,2995
5351baf5baa9ea8dcccada577b57b1a7,6d007aab9e7dcc4a,291796cba9728341,ts-order-service-5b67c48447-mv5hb,/api/v1/orderservice/order/tickets,1674992147524000000,1674992147527280244,3280
5351baf5baa9ea8dcccada577b57b1a7,430ae19ea2c893e3,69e831e7a2b6a6bd,ts-order-service-5b67c48447-mv5hb,/api/v1/orderservice/order/tickets,1674992147568000000,1674992147570405024,2405
5351baf5baa9ea8dcccada577b57b1a7,d8d01d1b45e0afcc,00e28f05afe1b263,ts-order-service-5b67c48447-mv5hb,/api/v1/orderservice/order/tickets,1674992147614000000,1674992147615921268,1921
5351baf5baa9ea8dcccada577b57b1a7,a14cd55dc9e5311e,e19fe694ffbb7d76,ts-order-service-5b67c48447-mv5hb,/api/v1/orderservice/order/tickets,1674992147663000000,1674992147665588997,2588
5351baf5baa9ea8dcccada577b57b1a7,b9009cd7154123b3,145d08521afe820c,ts-order-service-5b67c48447-mv5hb,/api/v1/orderservice/order/tickets,1674992147710000000,1674992147712011077,2011
5351baf5baa9ea8dcccada577b57b1a7,78361444e0951086,931fe2a837fb2547,ts-order-service-5b67c48447-mv5hb,OrderController.getTicketListByDateAndTripId,1674992147350418148,1674992147352876629,2458
5351baf5baa9ea8dcccada577b57b1a7,7d33b9458e76d82b,6d007aab9e7dcc4a,ts-order-service-5b67c48447-mv5hb,OrderController.getTicketListByDateAndTripId,1674992147524472665,1674992147527135560,2662
5351baf5baa9ea8dcccada577b57b1a7,12a63f3cd0546e05,430ae19ea2c893e3,ts-order-service-5b67c48447-mv5hb,OrderController.getTicketListByDateAndTripId,1674992147568190560,1674992147570296999,2106
5351baf5baa9ea8dcccada577b57b1a7,378fb73522151fd5,d8d01d1b45e0afcc,ts-order-service-5b67c48447-mv5hb,OrderController.getTicketListByDateAndTripId,1674992147614195694,1674992147615842260,1646
5351baf5baa9ea8dcccada577b57b1a7,24c96ccf95086128,a14cd55dc9e5311e,ts-order-service-5b67c48447-mv5hb,OrderController.getTicketListByDateAndTripId,1674992147663376262,1674992147665486297,2110
5351baf5baa9ea8dcccada577b57b1a7,f6fb139e6a930d44,b9009cd7154123b3,ts-order-service-5b67c48447-mv5hb,OrderController.getTicketListByDateAndTripId,1674992147710224717,1674992147711926170,1701
5351baf5baa9ea8dcccada577b57b1a7,d4a017a538e216ac,78361444e0951086,ts-order-service-5b67c48447-mv5hb,OrderRepository.findByTravelDateAndTrainNumber,1674992147351007593,1674992147352433261,1425
5351baf5baa9ea8dcccada577b57b1a7,3528337c2ccf3b2b,7d33b9458e76d82b,ts-order-service-5b67c48447-mv5hb,OrderRepository.findByTravelDateAndTrainNumber,1674992147525160197,1674992147526520152,1359
5351baf5baa9ea8dcccada577b57b1a7,0bfb8bb219a40c58,12a63f3cd0546e05,ts-order-service-5b67c48447-mv5hb,OrderRepository.findByTravelDateAndTrainNumber,1674992147568526109,1674992147569914716,1388
5351baf5baa9ea8dcccada577b57b1a7,6959791390390f6e,378fb73522151fd5,ts-order-service-5b67c48447-mv5hb,OrderRepository.findByTravelDateAndTrainNumber,1674992147614513385,1674992147615484571,971
5351baf5baa9ea8dcccada577b57b1a7,8e66084ebcc50e2b,24c96ccf95086128,ts-order-service-5b67c48447-mv5hb,OrderRepository.findByTravelDateAndTrainNumber,1674992147663926775,1674992147665104844,1178
5351baf5baa9ea8dcccada577b57b1a7,f6e9e177a5713b1c,f6fb139e6a930d44,ts-order-service-5b67c48447-mv5hb,OrderRepository.findByTravelDateAndTrainNumber,1674992147710563968,1674992147711600740,1036
5351baf5baa9ea8dcccada577b57b1a7,3fc016912b1d1cf4,d4a017a538e216ac,ts-order-service-5b67c48447-mv5hb,SELECT Order,1674992147351078574,1674992147352422918,1344
5351baf5baa9ea8dcccada577b57b1a7,7c741376dd8bc5b2,3528337c2ccf3b2b,ts-order-service-5b67c48447-mv5hb,SELECT Order,1674992147525241998,1674992147526503692,1261
5351baf5baa9ea8dcccada577b57b1a7,c0ff46a3cf1857d5,0bfb8bb219a40c58,ts-order-service-5b67c48447-mv5hb,SELECT Order,1674992147568562537,1674992147569906734,1344
5351baf5baa9ea8dcccada577b57b1a7,eab92452cab1609f,6959791390390f6e,ts-order-service-5b67c48447-mv5hb,SELECT Order,1674992147614551966,1674992147615478534,926
5351baf5baa9ea8dcccada577b57b1a7,2bb2b52a9b12a07a,8e66084ebcc50e2b,ts-order-service-5b67c48447-mv5hb,SELECT Order,1674992147663980315,1674992147665097716,1117
5351baf5baa9ea8dcccada577b57b1a7,4c14f688bb99caf9,f6e9e177a5713b1c,ts-order-service-5b67c48447-mv5hb,SELECT Order,1674992147710628398,1674992147711594379,965
5351baf5baa9ea8dcccada577b57b1a7,215660d681ea7421,3fc016912b1d1cf4,ts-order-service-5b67c48447-mv5hb,SELECT ts.orders,1674992147351670551,1674992147352411786,741
5351baf5baa9ea8dcccada577b57b1a7,0bbbe2e9568e7d89,7c741376dd8bc5b2,ts-order-service-5b67c48447-mv5hb,SELECT ts.orders,1674992147525343343,1674992147526480963,1137
5351baf5baa9ea8dcccada577b57b1a7,9122eb0c940aa672,c0ff46a3cf1857d5,ts-order-service-5b67c48447-mv5hb,SELECT ts.orders,1674992147569137248,1674992147569896848,759
5351baf5baa9ea8dcccada577b57b1a7,6320af9ecc23c110,eab92452cab1609f,ts-order-service-5b67c48447-mv5hb,SELECT ts.orders,1674992147614606747,1674992147615469848,863
5351baf5baa9ea8dcccada577b57b1a7,087fabc135efad91,2bb2b52a9b12a07a,ts-order-service-5b67c48447-mv5hb,SELECT ts.orders,1674992147664068123,1674992147665086229,1018
5351baf5baa9ea8dcccada577b57b1a7,6738a57f90c3a175,4c14f688bb99caf9,ts-order-service-5b67c48447-mv5hb,SELECT ts.orders,1674992147710682496,1674992147711584302,901
5351baf5baa9ea8dcccada577b57b1a7,14758258a5b0b9e2,4b0337cc675298ca,ts-config-service-5fcd447d84-wxwjd,/api/v1/configservice/configs/{configName},1674992147357000000,1674992147358594625,1594
5351baf5baa9ea8dcccada577b57b1a7,ff67e84e0e52fefd,539c20877d36bcfe,ts-config-service-5fcd447d84-wxwjd,/api/v1/configservice/configs/{configName},1674992147557000000,1674992147558849500,1849
5351baf5baa9ea8dcccada577b57b1a7,49574c146a08f7c8,8588b90f749751c0,ts-config-service-5fcd447d84-wxwjd,/api/v1/configservice/configs/{configName},1674992147573000000,1674992147574328071,1328
5351baf5baa9ea8dcccada577b57b1a7,0ce9f0c31b902dc5,0f5566179b700967,ts-config-service-5fcd447d84-wxwjd,/api/v1/configservice/configs/{configName},1674992147637000000,1674992147638640721,1640
5351baf5baa9ea8dcccada577b57b1a7,f36d9b969d4f214c,241e0905c5b72212,ts-config-service-5fcd447d84-wxwjd,/api/v1/configservice/configs/{configName},1674992147669000000,1674992147670449414,1449
5351baf5baa9ea8dcccada577b57b1a7,1222ae85482d3cfa,67e24e3f14b54349,ts-config-service-5fcd447d84-wxwjd,/api/v1/configservice/configs/{configName},1674992147715000000,1674992147716414637,1414
5351baf5baa9ea8dcccada577b57b1a7,42ee666214eed32c,14758258a5b0b9e2,ts-config-service-5fcd447d84-wxwjd,ConfigController.retrieve,1674992147357263487,1674992147358495512,1232
5351baf5baa9ea8dcccada577b57b1a7,97aacb6dfc966bd9,ff67e84e0e52fefd,ts-config-service-5fcd447d84-wxwjd,ConfigController.retrieve,1674992147557316226,1674992147558738577,1422
5351baf5baa9ea8dcccada577b57b1a7,7283b99e166fc8fb,49574c146a08f7c8,ts-config-service-5fcd447d84-wxwjd,ConfigController.retrieve,1674992147573204498,1674992147574245738,1041
5351baf5baa9ea8dcccada577b57b1a7,b335b03c7216daab,0ce9f0c31b902dc5,ts-config-service-5fcd447d84-wxwjd,ConfigController.retrieve,1674992147637311281,1674992147638546900,1235
5351baf5baa9ea8dcccada577b57b1a7,f53a11edcaa2ac05,f36d9b969d4f214c,ts-config-service-5fcd447d84-wxwjd,ConfigController.retrieve,1674992147669241249,1674992147670369406,1128
5351baf5baa9ea8dcccada577b57b1a7,f7cb0b523aae3193,1222ae85482d3cfa,ts-config-service-5fcd447d84-wxwjd,ConfigController.retrieve,1674992147715249250,1674992147716320382,1071
5351baf5baa9ea8dcccada577b57b1a7,797f2a302154bee0,42ee666214eed32c,ts-config-service-5fcd447d84-wxwjd,ConfigRepository.findByName,1674992147357499543,1674992147358121926,622
5351baf5baa9ea8dcccada577b57b1a7,e473f3682ba34563,97aacb6dfc966bd9,ts-config-service-5fcd447d84-wxwjd,ConfigRepository.findByName,1674992147557641013,1674992147558360479,719
5351baf5baa9ea8dcccada577b57b1a7,85fb122c8b5979e3,7283b99e166fc8fb,ts-config-service-5fcd447d84-wxwjd,ConfigRepository.findByName,1674992147573420630,1674992147573939305,518
5351baf5baa9ea8dcccada577b57b1a7,6097ed734ce1da07,b335b03c7216daab,ts-config-service-5fcd447d84-wxwjd,ConfigRepository.findByName,1674992147637593548,1674992147638179366,585
5351baf5baa9ea8dcccada577b57b1a7,28f8badeb92e81d2,f53a11edcaa2ac05,ts-config-service-5fcd447d84-wxwjd,ConfigRepository.findByName,1674992147669469572,1674992147670025193,555
5351baf5baa9ea8dcccada577b57b1a7,3f75810dd2ca8e6b,f7cb0b523aae3193,ts-config-service-5fcd447d84-wxwjd,ConfigRepository.findByName,1674992147715482294,1674992147715991660,509
5351baf5baa9ea8dcccada577b57b1a7,dd119e0e64b06949,797f2a302154bee0,ts-config-service-5fcd447d84-wxwjd,SELECT Config,1674992147357536515,1674992147358119440,582
5351baf5baa9ea8dcccada577b57b1a7,07736eccd6d8c7b2,e473f3682ba34563,ts-config-service-5fcd447d84-wxwjd,SELECT Config,1674992147557691293,1674992147558357761,666
5351baf5baa9ea8dcccada577b57b1a7,0998db49841fac9c,85fb122c8b5979e3,ts-config-service-5fcd447d84-wxwjd,SELECT Config,1674992147573455908,1674992147573937299,481
5351baf5baa9ea8dcccada577b57b1a7,1a4746ae6611864a,6097ed734ce1da07,ts-config-service-5fcd447d84-wxwjd,SELECT Config,1674992147637638481,1674992147638176445,537
5351baf5baa9ea8dcccada577b57b1a7,5fb04258c8f8f398,28f8badeb92e81d2,ts-config-service-5fcd447d84-wxwjd,SELECT Config,1674992147669505660,1674992147670023103,517
5351baf5baa9ea8dcccada577b57b1a7,bb5675f9b0eea206,3f75810dd2ca8e6b,ts-config-service-5fcd447d84-wxwjd,SELECT Config,1674992147715510420,1674992147715989514,479
5351baf5baa9ea8dcccada577b57b1a7,24ac2ef3ffdc45a3,dd119e0e64b06949,ts-config-service-5fcd447d84-wxwjd,SELECT ts.config,1674992147357579474,1674992147358084915,505
5351baf5baa9ea8dcccada577b57b1a7,918c0d4d3d08fa21,07736eccd6d8c7b2,ts-config-service-5fcd447d84-wxwjd,SELECT ts.config,1674992147557750789,1674992147558319096,568
5351baf5baa9ea8dcccada577b57b1a7,5f5c0ffb51056537,0998db49841fac9c,ts-config-service-5fcd447d84-wxwjd,SELECT ts.config,1674992147573491819,1674992147573915163,423
5351baf5baa9ea8dcccada577b57b1a7,17b93781a343d5db,1a4746ae6611864a,ts-config-service-5fcd447d84-wxwjd,SELECT ts.config,1674992147637686263,1674992147638147537,461
5351baf5baa9ea8dcccada577b57b1a7,d5a4de8f8124a0eb,5fb04258c8f8f398,ts-config-service-5fcd447d84-wxwjd,SELECT ts.config,1674992147669547176,1674992147669996931,449
5351baf5baa9ea8dcccada577b57b1a7,214c1ca71c3b36a9,bb5675f9b0eea206,ts-config-service-5fcd447d84-wxwjd,SELECT ts.config,1674992147715549181,1674992147715964933,415
d5580c851f4e85f807f46e35c4e69a2b,bdbedea77f9e0e07,root,ts-gateway-service-6f6cfc45b-h5m2n,/*,1674992157063000000,1674992157444499851,381499
d5580c851f4e85f807f46e35c4e69a2b,313ca729e7feefbc,bdbedea77f9e0e07,ts-gateway-service-6f6cfc45b-h5m2n,FilteringWebHandler.handle,1674992157063772609,1674992157444300081,380527
d5580c851f4e85f807f46e35c4e69a2b,6b306ea853b923ce,bdbedea77f9e0e07,ts-gateway-service-6f6cfc45b-h5m2n,HTTP POST,1674992157064637405,1674992157444451238,379813
d5580c851f4e85f807f46e35c4e69a2b,4d8e04a2f7bfc9df,6b306ea853b923ce,ts-travel-service-64469b5b48-25zj6,/api/v1/travelservice/trips/left,1674992157067000000,1674992157443080161,376080
d5580c851f4e85f807f46e35c4e69a2b,559a1b886171fa7a,4d8e04a2f7bfc9df,ts-travel-service-64469b5b48-25zj6,TravelController.queryInfo,1674992157068009494,1674992157442703574,374694
d5580c851f4e85f807f46e35c4e69a2b,1efc6017c78958f3,559a1b886171fa7a,ts-travel-service-64469b5b48-25zj6,TripRepository.findAll,1674992157068738144,1674992157070893376,2155
d5580c851f4e85f807f46e35c4e69a2b,80c7842b1fede5df,1efc6017c78958f3,ts-travel-service-64469b5b48-25zj6,SELECT Trip,1674992157069650169,1674992157070280885,630
d5580c851f4e85f807f46e35c4e69a2b,a156db57d87b2e31,1efc6017c78958f3,ts-travel-service-64469b5b48-25zj6,Transaction.commit,1674992157070303159,1674992157070704365,401
d5580c851f4e85f807f46e35c4e69a2b,e84d295f70049f01,80c7842b1fede5df,ts-travel-service-64469b5b48-25zj6,SELECT ts.trip,1674992157069747083,1674992157070180840,433
d5580c851f4e85f807f46e35c4e69a2b,9b455f7ca9f3b38b,559a1b886171fa7a,ts-travel-service-64469b5b48-25zj6,HTTP POST,1674992157071684462,1674992157138227695,66543
d5580c851f4e85f807f46e35c4e69a2b,d643455928093dc2,559a1b886171fa7a,ts-travel-service-64469b5b48-25zj6,HTTP POST,1674992157139300703,1674992157183791011,44490
d5580c851f4e85f807f46e35c4e69a2b,a44cdf0243c8c4d6,559a1b886171fa7a,ts-travel-service-64469b5b48-25zj6,HTTP POST,1674992157184855970,1674992157292057039,107201
d5580c851f4e85f807f46e35c4e69a2b,8fcbd9d121fd608f,559a1b886171fa7a,ts-travel-service-64469b5b48-25zj6,HTTP POST,1674992157293241974,1674992157309182530,15940
d5580c851f4e85f807f46e35c4e69a2b,b6f86fa486511170,559a1b886171fa7a,ts-travel-service-64469b5b48-25zj6,HTTP POST,1674992157309760245,1674992157361582829,51822
d5580c851f4e85f807f46e35c4e69a2b,131a96616e43a94e,559a1b886171fa7a,ts-travel-service-64469b5b48-25zj6,HTTP POST,1674992157362635620,1674992157397119996,34484
d5580c851f4e85f807f46e35c4e69a2b,0bf4865ae989e181,559a1b886171fa7a,ts-travel-service-64469b5b48-25zj6,HTTP POST,1674992157398029988,1674992157441681092,43651
d5580c851f4e85f807f46e35c4e69a2b,7c84380227d665bd,9b455f7ca9f3b38b,ts-basic-service-5dc8d4f9fd-46997,/api/v1/basicservice/basic/travels,1674992157074000000,1674992157137457648,63457
d5580c851f4e85f807f46e35c4e69a2b,bbffcc7013dd1de3,7c84380227d665bd,ts-basic-service-5dc8d4f9fd-46997,BasicController.queryForTravels,1674992157074364003,1674992157137316537,62952
d5580c851f4e85f807f46e35c4e69a2b,c2b09f2cebb0ec52,bbffcc7013dd1de3,ts-basic-service-5dc8d4f9fd-46997,HTTP POST,1674992157075272760,1674992157079292248,4019
d5580c851f4e85f807f46e35c4e69a2b,b3045bd22d5c6353,bbffcc7013dd1de3,ts-basic-service-5dc8d4f9fd-46997,HTTP POST,1674992157079886632,1674992157086696514,6809
d5580c851f4e85f807f46e35c4e69a2b,6c9264d0fc525190,bbffcc7013dd1de3,ts-basic-service-5dc8d4f9fd-46997,HTTP POST,1674992157092343938,1674992157110646931,18302
d5580c851f4e85f807f46e35c4e69a2b,ee7691f9050d1fa9,bbffcc7013dd1de3,ts-basic-service-5dc8d4f9fd-46997,HTTP POST,1674992157111394057,1674992157136097370,24703
d5580c851f4e85f807f46e35c4e69a2b,cc4a10034cec495e,c2b09f2cebb0ec52,ts-station-service-7f4f5f6f77-5qb6j,/api/v1/stationservice/stations/idlist,1674992157076000000,1674992157078919612,2919
d5580c851f4e85f807f46e35c4e69a2b,941a7d127700d78f,cc4a10034cec495e,ts-station-service-7f4f5f6f77-5qb6j,StationController.queryForIdBatch,1674992157076447113,1674992157078735138,2288
d5580c851f4e85f807f46e35c4e69a2b,cf8047c3a9c299e1,941a7d127700d78f,ts-station-service-7f4f5f6f77-5qb6j,StationRepository.findByNames,1674992157077090904,1674992157078465059,1374
d5580c851f4e85f807f46e35c4e69a2b,9d9d99313e011a1a,cf8047c3a9c299e1,ts-station-service-7f4f5f6f77-5qb6j,SELECT station,1674992157077191413,1674992157078452886,1261
d5580c851f4e85f807f46e35c4e69a2b,ca03eb73818c0f32,9d9d99313e011a1a,ts-station-service-7f4f5f6f77-5qb6j,SELECT ts.station,1674992157077838999,1674992157078398226,559
d5580c851f4e85f807f46e35c4e69a2b,58c3dc5c720e7037,b3045bd22d5c6353,ts-train-service-86f5f97bc9-dkqmf,/api/v1/trainservice/trains/byNames,1674992157081000000,1674992157086048509,5048
d5580c851f4e85f807f46e35c4e69a2b,4c66be8aa23aa79e,58c3dc5c720e7037,ts-train-service-86f5f97bc9-dkqmf,TrainController.retrieveByName,1674992157081866820,1674992157085700341,3833
d5580c851f4e85f807f46e35c4e69a2b,a21ad9085f4abead,4c66be8aa23aa79e,ts-train-service-86f5f97bc9-dkqmf,TrainTypeRepository.findByNames,1674992157082831936,1674992157085227056,2395
d5580c851f4e85f807f46e35c4e69a2b,79b47560cd8cee8a,a21ad9085f4abead,ts-train-service-86f5f97bc9-dkqmf,SELECT train_type,1674992157082990264,1674992157085204299,2214
d5580c851f4e85f807f46e35c4e69a2b,f1d7097b3eb25885,79b47560cd8cee8a,ts-train-service-86f5f97bc9-dkqmf,SELECT ts.train_type,1674992157083974739,1674992157085081507,1106
d5580c851f4e85f807f46e35c4e69a2b,4975b4e49bbb71b3,6c9264d0fc525190,ts-route-service-b6c59fb57-zv8dt,/api/v1/routeservice/routes/byIds/,1674992157094000000,1674992157109428325,15428
d5580c851f4e85f807f46e35c4e69a2b,b4f91aa99f8aecb9,4975b4e49bbb71b3,ts-route-service-b6c59fb57-zv8dt,RouteController.queryByIds,1674992157095133840,1674992157108963646,13829
d5580c851f4e85f807f46e35c4e69a2b,9652c03030778bd4,b4f91aa99f8aecb9,ts-route-service-b6c59fb57-zv8dt,RouteRepository.findByIds,1674992157096624328,1674992157099483651,2859
d5580c851f4e85f807f46e35c4e69a2b,41193597be5ea55a,9652c03030778bd4,ts-route-service-b6c59fb57-zv8dt,SELECT route,1674992157096871060,1674992157099452093,2581
d5580c851f4e85f807f46e35c4e69a2b,012a911453893b55,41193597be5ea55a,ts-route-service-b6c59fb57-zv8dt,SELECT ts.route,1674992157098140127,1674992157099148012,1007
d5580c851f4e85f807f46e35c4e69a2b,aeb69cef46381a1f,b4f91aa99f8aecb9,ts-route-service-b6c59fb57-zv8dt,SELECT ts.route_stations,1674992157099840727,1674992157100695151,854
d5580c851f4e85f807f46e35c4e69a2b,79ece6ff3528755c,b4f91aa99f8aecb9,ts-route-service-b6c59fb57-zv8dt,SELECT ts.route_distances,1674992157100858479,1674992157101776720,918
d5580c851f4e85f807f46e35c4e69a2b,9683cbadafaa7a10,b4f91aa99f8aecb9,ts-route-service-b6c59fb57-zv8dt,SELECT ts.route_stations,1674992157101899944,1674992157102661900,761
d5580c851f4e85f807f46e35c4e69a2b,cf0f2c7ad9e5a5ff,b4f91aa99f8aecb9,ts-route-service-b6c59fb57-zv8dt,SELECT ts.route_distances,1674992157102757918,1674992157103475277,717
d5580c851f4e85f807f46e35c4e69a2b,339cfba4fbb8efc7,b4f91aa99f8aecb9,ts-route-service-b6c59fb57-zv8dt,SELECT ts.route_stations,1674992157103552529,1674992157104227417,674
d5580c851f4e85f807f46e35c4e69a2b,d82d0223c2f9fe67,b4f91aa99f8aecb9,ts-route-service-b6c59fb57-zv8dt,SELECT ts.route_distances,1674992157104304984,1674992157104992784,687
d5580c851f4e85f807f46e35c4e69a2b,056a6f0aed4d3e2d,b4f91aa99f8aecb9,ts-route-service-b6c59fb57-zv8dt,SELECT ts.route_stations,1674992157105070673,1674992157105777830,707
d5580c851f4e85f807f46e35c4e69a2b,f15882f7106f0a7e,b4f91aa99f8aecb9,ts-route-service-b6c59fb57-zv8dt,SELECT ts.route_distances,1674992157105852400,1674992157106718554,866
d5580c851f4e85f807f46e35c4e69a2b,1705a3543307dce1,b4f91aa99f8aecb9,ts-route-service-b6c59fb57-zv8dt,SELECT ts.route_stations,1674992157106943426,1674992157107776799,833
d5580c851f4e85f807f46e35c4e69a2b,ddbd333356f84929,b4f91aa99f8aecb9,ts-route-service-b6c59fb57-zv8dt,SELECT ts.route_distances,1674992157107876524,1674992157108660004,783
d5580c851f4e85f807f46e35c4e69a2b,ec03d5a65e7a71a8,ee7691f9050d1fa9,ts-price-service-76846864d9-g465z,/api/v1/priceservice/prices/byRouteIdsAndTrainTypes,1674992157131000000,1674992157135901261,4901
d5580c851f4e85f807f46e35c4e69a2b,886f11ad4d840ee9,ec03d5a65e7a71a8,ts-price-service-76846864d9-g465z,PriceController.query,1674992157131763869,1674992157135521883,3758
d5580c851f4e85f807f46e35c4e69a2b,93df1aee133bdfbb,886f11ad4d840ee9,ts-price-service-76846864d9-g465z,PriceConfigRepository.findByRouteIdsAndTrainTypes,1674992157132744783,1674992157135041040,2296
d5580c851f4e85f807f46e35c4e69a2b,34e6de274e7a6a09,93df1aee133bdfbb,ts-price-service-76846864d9-g465z,SELECT price_config,1674992157132909748,1674992157135020191,2110
d5580c851f4e85f807f46e35c4e69a2b,eec881bb5ab6a028,34e6de274e7a6a09,ts-price-service-76846864d9-g465z,SELECT ts.price_config,1674992157134007591,1674992157134854755,847
d5580c851f4e85f807f46e35c4e69a2b,f93b78d8713690b8,d643455928093dc2,ts-seat-service-5c95b49cff-tdsdz,/api/v1/seatservice/seats/left_tickets,1674992157142000000,1674992157183044206,41044
d5580c851f4e85f807f46e35c4e69a2b,d84496896928e763,a44cdf0243c8c4d6,ts-seat-service-5c95b49cff-tdsdz,/api/v1/seatservice/seats/left_tickets,1674992157186000000,1674992157290376919,104376
d5580c851f4e85f807f46e35c4e69a2b,2d96d99b33ad86e6,8fcbd9d121fd608f,ts-seat-service-5c95b49cff-tdsdz,/api/v1/seatservice/seats/left_tickets,1674992157294000000,1674992157307451734,13451
d5580c851f4e85f807f46e35c4e69a2b,a46021dcd5e16276,b6f86fa486511170,ts-seat-service-5c95b49cff-tdsdz,/api/v1/seatservice/seats/left_tickets,1674992157311000000,1674992157360594819,49594
d5580c851f4e85f807f46e35c4e69a2b,4db79ebf52f78b3b,131a96616e43a94e,ts-seat-service-5c95b49cff-tdsdz,/api/v1/seatservice/seats/left_tickets,1674992157364000000,1674992157396722220,32722
d5580c851f4e85f807f46e35c4e69a2b,91c26d2408f6d867,0bf4865ae989e181,ts-seat-service-5c95b49cff-tdsdz,/api/v1/seatservice/seats/left_tickets,1674992157415000000,1674992157440834391,25834
d5580c851f4e85f807f46e35c4e69a2b,fb3453cff9ab24c2,f93b78d8713690b8,ts-seat-service-5c95b49cff-tdsdz,SeatController.getLeftTicketOfInterval,1674992157142633674,1674992157182799896,40166
d5580c851f4e85f807f46e35c4e69a2b,318ada74e74b93fa,d84496896928e763,ts-seat-service-5c95b49cff-tdsdz,SeatController.getLeftTicketOfInterval,1674992157186513926,1674992157290153818,103639
d5580c851f4e85f807f46e35c4e69a2b,de71da262a88fc04,2d96d99b33ad86e6,ts-seat-service-5c95b49cff-tdsdz,SeatController.getLeftTicketOfInterval,1674992157294488052,1674992157307229806,12741
d5580c851f4e85f807f46e35c4e69a2b,44571ac9412352ae,a46021dcd5e16276,ts-seat-service-5c95b49cff-tdsdz,SeatController.getLeftTicketOfInterval,1674992157311475263,1674992157360384444,48909
d5580c851f4e85f807f46e35c4e69a2b,f8767d251cddc6ec,4db79ebf52f78b3b,ts-seat-service-5c95b49cff-tdsdz,SeatController.getLeftTicketOfInterval,1674992157364452996,1674992157396517782,32064
d5580c851f4e85f807f46e35c4e69a2b,f5c115197222f739,91c26d2408f6d867,ts-seat-service-5c95b49cff-tdsdz,SeatController.getLeftTicketOfInterval,1674992157415417095,1674992157440653355,25236
d5580c851f4e85f807f46e35c4e69a2b,156aedc519cce8c2,fb3453cff9ab24c2,ts-seat-service-5c95b49cff-tdsdz,HTTP POST,1674992157144797364,1674992157175043587,30246
d5580c851f4e85f807f46e35c4e69a2b,9a3a123886a69d63,fb3453cff9ab24c2,ts-seat-service-5c95b49cff-tdsdz,HTTP GET,1674992157176334457,1674992157181503471,5169
d5580c851f4e85f807f46e35c4e69a2b,704ad848e98286c0,318ada74e74b93fa,ts-seat-service-5c95b49cff-tdsdz,HTTP POST,1674992157188424424,1674992157193269414,4844
d5580c851f4e85f807f46e35c4e69a2b,baab3b56466a7afa,318ada74e74b93fa,ts-seat-service-5c95b49cff-tdsdz,HTTP GET,1674992157284191197,1674992157289031636,4840
d5580c851f4e85f807f46e35c4e69a2b,445b7f2e471b1bf7,de71da262a88fc04,ts-seat-service-5c95b49cff-tdsdz,HTTP POST,1674992157296259526,1674992157301456887,5197
d5580c851f4e85f807f46e35c4e69a2b,0431affa69837a1d,de71da262a88fc04,ts-seat-service-5c95b49cff-tdsdz,HTTP GET,1674992157302424031,1674992157306126255,3702
d5580c851f4e85f807f46e35c4e69a2b,4361394008e6af17,44571ac9412352ae,ts-seat-service-5c95b49cff-tdsdz,HTTP POST,1674992157313154700,1674992157330844085,17689
d5580c851f4e85f807f46e35c4e69a2b,e9032c9da8431fc3,44571ac9412352ae,ts-seat-service-5c95b49cff-tdsdz,HTTP GET,1674992157331791834,1674992157359374569,27582
d5580c851f4e85f807f46e35c4e69a2b,07c40aeba3f5b15b,f8767d251cddc6ec,ts-seat-service-5c95b49cff-tdsdz,HTTP POST,1674992157366245254,1674992157371500353,5255
d5580c851f4e85f807f46e35c4e69a2b,219406c6a91f09df,f8767d251cddc6ec,ts-seat-service-5c95b49cff-tdsdz,HTTP GET,1674992157372420461,1674992157395471037,23050
d5580c851f4e85f807f46e35c4e69a2b,81a35bccfabc3679,f5c115197222f739,ts-seat-service-5c95b49cff-tdsdz,HTTP POST,1674992157417083486,1674992157434930297,17846
d5580c851f4e85f807f46e35c4e69a2b,34261a889ed9c470,f5c115197222f739,ts-seat-service-5c95b49cff-tdsdz,HTTP GET,1674992157435891428,1674992157439663327,3771
d5580c851f4e85f807f46e35c4e69a2b,1599e1094f7e8ee8,156aedc519cce8c2,ts-order-service-5b67c48447-mv5hb,/api/v1/orderservice/order/tickets,1674992157148000000,1674992157150952656,2952
d5580c851f4e85f807f46e35c4e69a2b,ba8fb7786af9f2a0,704ad848e98286c0,ts-order-service-5b67c48447-mv5hb,/api/v1/orderservice/order/tickets,1674992157190000000,1674992157192133345,2133
d5580c851f4e85f807f46e35c4e69a2b,b24fe7dd6d74515d,445b7f2e471b1bf7,ts-order-service-5b67c48447-mv5hb,/api/v1/orderservice/order/tickets,1674992157298000000,1674992157300449662,2449
d5580c851f4e85f807f46e35c4e69a2b,1b2be82465bf03b4,4361394008e6af17,ts-order-service-5b67c48447-mv5hb,/api/v1/orderservice/order/tickets,1674992157314000000,1674992157315950021,1950
d5580c851f4e85f807f46e35c4e69a2b,5fc2b70f268d1066,07c40aeba3f5b15b,ts-order-service-5b67c48447-mv5hb,/api/v1/orderservice/order/tickets,1674992157367000000,1674992157369545559,2545
d5580c851f4e85f807f46e35c4e69a2b,2b73015bee12cb43,81a35bccfabc3679,ts-order-service-5b67c48447-mv5hb,/api/v1/orderservice/order/tickets,1674992157418000000,1674992157420215865,2215
d5580c851f4e85f807f46e35c4e69a2b,2b7ff4089ce102f1,1599e1094f7e8ee8,ts-order-service-5b67c48447-mv5hb,OrderController.getTicketListByDateAndTripId,1674992157148358800,1674992157150831797,2472
d5580c851f4e85f807f46e35c4e69a2b,f8462fae7df9e20a,ba8fb7786af9f2a0,ts-order-service-5b67c48447-mv5hb,OrderController.getTicketListByDateAndTripId,1674992157190239196,1674992157192033019,1793
d5580c851f4e85f807f46e35c4e69a2b,72269400116beda2,b24fe7dd6d74515d,ts-order-service-5b67c48447-mv5hb,OrderController.getTicketListByDateAndTripId,1674992157298317830,1674992157300336388,2018
d5580c851f4e85f807f46e35c4e69a2b,73d71f8a1cec6f6f,1b2be82465bf03b4,ts-order-service-5b67c48447-mv5hb,OrderController.getTicketListByDateAndTripId,1674992157314237298,1674992157315852059,1614
d5580c851f4e85f807f46e35c4e69a2b,86dbf88289c30e29,5fc2b70f268d1066,ts-order-service-5b67c48447-mv5hb,OrderController.getTicketListByDateAndTripId,1674992157367378897,1674992157369424854,2045
d5580c851f4e85f807f46e35c4e69a2b,b98e389c68763348,2b73015bee12cb43,ts-order-service-5b67c48447-mv5hb,OrderController.getTicketListByDateAndTripId,1674992157418259507,1674992157420110628,1851
d5580c851f4e85f807f46e35c4e69a2b,d0ee11056e9dabb1,2b7ff4089ce102f1,ts-order-service-5b67c48447-mv5hb,OrderRepository.findByTravelDateAndTrainNumber,1674992157148895059,1674992157150403547,1508
d5580c851f4e85f807f46e35c4e69a2b,1ba9fc98f9d9947b,f8462fae7df9e20a,ts-order-service-5b67c48447-mv5hb,OrderRepository.findByTravelDateAndTrainNumber,1674992157190576047,1674992157191669252,1093
d5580c851f4e85f807f46e35c4e69a2b,af102d6968a21906,72269400116beda2,ts-order-service-5b67c48447-mv5hb,OrderRepository.findByTravelDateAndTrainNumber,1674992157298806363,1674992157299925769,1119
d5580c851f4e85f807f46e35c4e69a2b,d7a1eeb36b6f4f32,73d71f8a1cec6f6f,ts-order-service-5b67c48447-mv5hb,OrderRepository.findByTravelDateAndTrainNumber,1674992157314529327,1674992157315493050,963
d5580c851f4e85f807f46e35c4e69a2b,1cae412ca8510ade,86dbf88289c30e29,ts-order-service-5b67c48447-mv5hb,OrderRepository.findByTravelDateAndTrainNumber,1674992157367892982,1674992157369007706,1114
d5580c851f4e85f807f46e35c4e69a2b,442a0021682f30fa,b98e389c68763348,ts-order-service-5b67c48447-mv5hb,OrderRepository.findByTravelDateAndTrainNumber,1674992157418595264,1674992157419735020,1139
d5580c851f4e85f807f46e35c4e69a2b,3e21ba90a4ce2cdf,d0ee11056e9dabb1,ts-order-service-5b67c48447-mv5hb,SELECT Order,1674992157148956093,1674992157150393476,1437
d5580c851f4e85f807f46e35c4e69a2b,636a52cd51a920e1,1ba9fc98f9d9947b,ts-order-service-5b67c48447-mv5hb,SELECT Order,1674992157190629276,1674992157191662392,1033
d5580c851f4e85f807f46e35c4e69a2b,b48ab6b55d25d4c3,af102d6968a21906,ts-order-service-5b67c48447-mv5hb,SELECT Order,1674992157298864143,1674992157299917083,1052
d5580c851f4e85f807f46e35c4e69a2b,8c56492b183032c4,d7a1eeb36b6f4f32,ts-order-service-5b67c48447-mv5hb,SELECT Order,1674992157314578823,1674992157315485071,906
d5580c851f4e85f807f46e35c4e69a2b,9021b5730de33175,1cae412ca8510ade,ts-order-service-5b67c48447-mv5hb,SELECT Order,1674992157367955424,1674992157368998302,1042
d5580c851f4e85f807f46e35c4e69a2b,c5b9f48ef280292f,442a0021682f30fa,ts-order-service-5b67c48447-mv5hb,SELECT Order,1674992157418684525,1674992157419727023,1042
d5580c851f4e85f807f46e35c4e69a2b,5cceba7351becc20,3e21ba90a4ce2cdf,ts-order-service-5b67c48447-mv5hb,SELECT ts.orders,1674992157149549125,1674992157150377241,828
d5580c851f4e85f807f46e35c4e69a2b,b4eada74b0cbd692,636a52cd51a920e1,ts-order-service-5b67c48447-mv5hb,SELECT ts.orders,1674992157190686638,1674992157191652677,966
d5580c851f4e85f807f46e35c4e69a2b,9f3ffde0599f5de0,b48ab6b55d25d4c3,ts-order-service-5b67c48447-mv5hb,SELECT ts.orders,1674992157298945907,1674992157299904742,958
d5580c851f4e85f807f46e35c4e69a2b,412799dc2299e913,8c56492b183032c4,ts-order-service-5b67c48447-mv5hb,SELECT ts.orders,1674992157314632405,1674992157315475391,842
d5580c851f4e85f807f46e35c4e69a2b,7c478576a7183aac,9021b5730de33175,ts-order-service-5b67c48447-mv5hb,SELECT ts.orders,1674992157368034952,1674992157368983579,948
d5580c851f4e85f807f46e35c4e69a2b,c62cc7bbe688a656,c5b9f48ef280292f,ts-order-service-5b67c48447-mv5hb,SELECT ts.orders,1674992157418756236,1674992157419716435,960
d5580c851f4e85f807f46e35c4e69a2b,dcbc6b7460a33d67,9a3a123886a69d63,ts-config-service-5fcd447d84-wxwjd,/api/v1/configservice/configs/{configName},1674992157178000000,1674992157180373229,2373
d5580c851f4e85f807f46e35c4e69a2b,a12a9fc961e86779,baab3b56466a7afa,ts-config-service-5fcd447d84-wxwjd,/api/v1/configservice/configs/{configName},1674992157286000000,1674992157288150232,2150
d5580c851f4e85f807f46e35c4e69a2b,f5d459821484e2b0,0431affa69837a1d,ts-config-service-5fcd447d84-wxwjd,/api/v1/configservice/configs/{configName},1674992157304000000,1674992157305515366,1515
d5580c851f4e85f807f46e35c4e69a2b,002d2b85dde1a4ed,e9032c9da8431fc3,ts-config-service-5fcd447d84-wxwjd,/api/v1/configservice/configs/{configName},1674992157333000000,1674992157334402697,1402
d5580c851f4e85f807f46e35c4e69a2b,2dec14a93f0f5586,219406c6a91f09df,ts-config-service-5fcd447d84-wxwjd,/api/v1/configservice/configs/{configName},1674992157373000000,1674992157374561010,1561
d5580c851f4e85f807f46e35c4e69a2b,595d6d4a5d2cfb6d,34261a889ed9c470,ts-config-service-5fcd447d84-wxwjd,/api/v1/configservice/configs/{configName},1674992157437000000,1674992157438620927,1620
d5580c851f4e85f807f46e35c4e69a2b,a9e103df1b44bc41,dcbc6b7460a33d67,ts-config-service-5fcd447d84-wxwjd,ConfigController.retrieve,1674992157178423009,1674992157180256005,1832
d5580c851f4e85f807f46e35c4e69a2b,2f6f841b272845bf,a12a9fc961e86779,ts-config-service-5fcd447d84-wxwjd,ConfigController.retrieve,1674992157286421606,1674992157288036304,1614
d5580c851f4e85f807f46e35c4e69a2b,1976f73df39e8b66,f5d459821484e2b0,ts-config-service-5fcd447d84-wxwjd,ConfigController.retrieve,1674992157304266146,1674992157305414163,1148
d5580c851f4e85f807f46e35c4e69a2b,71d574de97eea2a8,002d2b85dde1a4ed,ts-config-service-5fcd447d84-wxwjd,ConfigController.retrieve,1674992157333230035,1674992157334315915,1085
d5580c851f4e85f807f46e35c4e69a2b,2ddd208122c8dae4,2dec14a93f0f5586,ts-config-service-5fcd447d84-wxwjd,ConfigController.retrieve,1674992157373275406,1674992157374451126,1175
d5580c851f4e85f807f46e35c4e69a2b,d697a11734051aed,595d6d4a5d2cfb6d,ts-config-service-5fcd447d84-wxwjd,ConfigController.retrieve,1674992157437295777,1674992157438503512,1207
d5580c851f4e85f807f46e35c4e69a2b,13e0ce9256176bec,a9e103df1b44bc41,ts-config-service-5fcd447d84-wxwjd,ConfigRepository.findByName,1674992157178836725,1674992157179832291,995
d5580c851f4e85f807f46e35c4e69a2b,7fbb83c59440ac12,2f6f841b272845bf,ts-config-service-5fcd447d84-wxwjd,ConfigRepository.findByName,1674992157286826106,1674992157287628348,802
d5580c851f4e85f807f46e35c4e69a2b,7b31720e658a378d,1976f73df39e8b66,ts-config-service-5fcd447d84-wxwjd,ConfigRepository.findByName,1674992157304524477,1674992157305051466,526
d5580c851f4e85f807f46e35c4e69a2b,7b5d6d31a191605d,71d574de97eea2a8,ts-config-service-5fcd447d84-wxwjd,ConfigRepository.findByName,1674992157333442049,1674992157333963096,521
d5580c851f4e85f807f46e35c4e69a2b,398dba35e4bc0fa7,2ddd208122c8dae4,ts-config-service-5fcd447d84-wxwjd,ConfigRepository.findByName,1674992157373540504,1674992157374082422,541
d5580c851f4e85f807f46e35c4e69a2b,48366a2249bb101c,d697a11734051aed,ts-config-service-5fcd447d84-wxwjd,ConfigRepository.findByName,1674992157437551691,1674992157438116906,565
d5580c851f4e85f807f46e35c4e69a2b,5604bad1bb169164,13e0ce9256176bec,ts-config-service-5fcd447d84-wxwjd,SELECT Config,1674992157178907311,1674992157179828152,920
d5580c851f4e85f807f46e35c4e69a2b,a8dff0cd4d4417dd,7fbb83c59440ac12,ts-config-service-5fcd447d84-wxwjd,SELECT Config,1674992157286896541,1674992157287625053,728
d5580c851f4e85f807f46e35c4e69a2b,3c9ab757b33e902d,7b31720e658a378d,ts-config-service-5fcd447d84-wxwjd,SELECT Config,1674992157304564427,1674992157305049025,484
d5580c851f4e85f807f46e35c4e69a2b,a48760c720244736,7b5d6d31a191605d,ts-config-service-5fcd447d84-wxwjd,SELECT Config,1674992157333470652,1674992157333960858,490
d5580c851f4e85f807f46e35c4e69a2b,af96673dd55438ee,398dba35e4bc0fa7,ts-config-service-5fcd447d84-wxwjd,SELECT Config,1674992157373588264,1674992157374079730,491
d5580c851f4e85f807f46e35c4e69a2b,e404145e99023021,48366a2249bb101c,ts-config-service-5fcd447d84-wxwjd,SELECT Config,1674992157437591744,1674992157438114463,522
d5580c851f4e85f807f46e35c4e69a2b,90ab5b7ed6ef557c,5604bad1bb169164,ts-config-service-5fcd447d84-wxwjd,SELECT ts.config,1674992157179383805,1674992157179782846,399
d5580c851f4e85f807f46e35c4e69a2b,207959327a955e88,a8dff0cd4d4417dd,ts-config-service-5fcd447d84-wxwjd,SELECT ts.config,1674992157286966159,1674992157287579098,612
d5580c851f4e85f807f46e35c4e69a2b,f3e2d8ff925cda17,3c9ab757b33e902d,ts-config-service-5fcd447d84-wxwjd,SELECT ts.config,1674992157304605131,1674992157305022336,417
d5580c851f4e85f807f46e35c4e69a2b,e8aa046fc21d704d,a48760c720244736,ts-config-service-5fcd447d84-wxwjd,SELECT ts.config,1674992157333500704,1674992157333935348,434
d5580c851f4e85f807f46e35c4e69a2b,acd2711bf241d98c,af96673dd55438ee,ts-config-service-5fcd447d84-wxwjd,SELECT ts.config,1674992157373629727,1674992157374051726,421
d5580c851f4e85f807f46e35c4e69a2b,0b7f633d6c3bdc3d,e404145e99023021,ts-config-service-5fcd447d84-wxwjd,SELECT ts.config,1674992157437637662,1674992157438086635,448
45c20b0785379820c16d5950a743cfe0,fdec467d970c1c98,root,ts-gateway-service-6f6cfc45b-h5m2n,/*,1674992130620000000,1674992131475266235,855266
45c20b0785379820c16d5950a743cfe0,66e36e56faa651bf,fdec467d970c1c98,ts-gateway-service-6f6cfc45b-h5m2n,FilteringWebHandler.handle,1674992130620933293,1674992131475005653,854072
45c20b0785379820c16d5950a743cfe0,2350e133b1314d2f,fdec467d970c1c98,ts-gateway-service-6f6cfc45b-h5m2n,HTTP POST,1674992130621966319,1674992131475181742,853215
45c20b0785379820c16d5950a743cfe0,535172db8c7d996a,2350e133b1314d2f,ts-preserve-service-b5ccf8557-j4txs,/api/v1/preserveservice/preserve,1674992130625000000,1674992131474486305,849486
45c20b0785379820c16d5950a743cfe0,c35f555a7886e4e9,535172db8c7d996a,ts-preserve-service-b5ccf8557-j4txs,PreserveController.preserve,1674992130627716881,1674992131473909909,846193
45c20b0785379820c16d5950a743cfe0,83cac004bb0403f2,c35f555a7886e4e9,ts-preserve-service-b5ccf8557-j4txs,HTTP GET,1674992130629487199,1674992130680544721,51057
45c20b0785379820c16d5950a743cfe0,52fc1faca5e6a0c9,c35f555a7886e4e9,ts-preserve-service-b5ccf8557-j4txs,HTTP GET,1674992130681615251,1674992130696147643,14532
45c20b0785379820c16d5950a743cfe0,278578d787f5be7e,c35f555a7886e4e9,ts-preserve-service-b5ccf8557-j4txs,HTTP POST,1674992130697548350,1674992131298690927,601142
45c20b0785379820c16d5950a743cfe0,d90dd359980140a2,c35f555a7886e4e9,ts-preserve-service-b5ccf8557-j4txs,HTTP POST,1674992131299813827,1674992131351038570,51224
45c20b0785379820c16d5950a743cfe0,97f41aae4aa4cdb8,c35f555a7886e4e9,ts-preserve-service-b5ccf8557-j4txs,HTTP POST,1674992131351951409,1674992131427966036,76014
45c20b0785379820c16d5950a743cfe0,602683f80b19c413,c35f555a7886e4e9,ts-preserve-service-b5ccf8557-j4txs,HTTP POST,1674992131429322235,1674992131453208439,23886
45c20b0785379820c16d5950a743cfe0,69f7d271766b26c7,c35f555a7886e4e9,ts-preserve-service-b5ccf8557-j4txs,HTTP GET,1674992131454391017,1674992131472382834,17991
45c20b0785379820c16d5950a743cfe0,7fe9e3b62c2f00e3,83cac004bb0403f2,ts-security-service-cb9788d56-mrzv2,/api/v1/securityservice/securityConfigs/{accountId},1674992130633000000,1674992130680734915,47734
45c20b0785379820c16d5950a743cfe0,c4251557aeef92ec,7fe9e3b62c2f00e3,ts-security-service-cb9788d56-mrzv2,SecurityController.check,1674992130635801676,1674992130680152390,44350
45c20b0785379820c16d5950a743cfe0,280c37d9bc70f347,c4251557aeef92ec,ts-security-service-cb9788d56-mrzv2,HTTP GET,1674992130637504324,1674992130659492659,21988
45c20b0785379820c16d5950a743cfe0,4e9e3d11b89a1805,c4251557aeef92ec,ts-security-service-cb9788d56-mrzv2,HTTP GET,1674992130660241923,1674992130674891301,14649
45c20b0785379820c16d5950a743cfe0,c7de20ffb94ce02e,280c37d9bc70f347,ts-order-service-5b67c48447-mv5hb,/api/v1/orderservice/order/security/{checkDate}/{accountId},1674992130641000000,1674992130659278933,18278
45c20b0785379820c16d5950a743cfe0,729c5e18d88081e2,8441807a76618e44,ts-order-service-5b67c48447-mv5hb,/api/v1/orderservice/order/tickets,1674992130753000000,1674992130778633262,25633
45c20b0785379820c16d5950a743cfe0,ceb460b417bf2243,44f20b2459e919ee,ts-order-service-5b67c48447-mv5hb,/api/v1/orderservice/order/tickets,1674992131040000000,1674992131056004704,16004
45c20b0785379820c16d5950a743cfe0,be2b45e4a46647cf,d38f448d3912af8b,ts-order-service-5b67c48447-mv5hb,/api/v1/orderservice/order/tickets,1674992131362000000,1674992131377880488,15880
45c20b0785379820c16d5950a743cfe0,14534e0f94b5ccfb,602683f80b19c413,ts-order-service-5b67c48447-mv5hb,/api/v1/orderservice/order,1674992131432000000,1674992131452983009,20983
45c20b0785379820c16d5950a743cfe0,7cb46d97e7437621,c7de20ffb94ce02e,ts-order-service-5b67c48447-mv5hb,OrderController.securityInfoCheck,1674992130641463978,1674992130658967752,17503
45c20b0785379820c16d5950a743cfe0,cabf14a29e8002a8,729c5e18d88081e2,ts-order-service-5b67c48447-mv5hb,OrderController.getTicketListByDateAndTripId,1674992130753351856,1674992130778385203,25033
45c20b0785379820c16d5950a743cfe0,ba785c46a1dcbe68,ceb460b417bf2243,ts-order-service-5b67c48447-mv5hb,OrderController.getTicketListByDateAndTripId,1674992131040356922,1674992131055751713,15394
45c20b0785379820c16d5950a743cfe0,ffad2d1382825837,be2b45e4a46647cf,ts-order-service-5b67c48447-mv5hb,OrderController.getTicketListByDateAndTripId,1674992131362333865,1674992131377592592,15258
45c20b0785379820c16d5950a743cfe0,71f1a3faea92db4a,14534e0f94b5ccfb,ts-order-service-5b67c48447-mv5hb,OrderController.createNewOrder,1674992131432736072,1674992131452617752,19881
45c20b0785379820c16d5950a743cfe0,a048f275ccd65e2a,7cb46d97e7437621,ts-order-service-5b67c48447-mv5hb,OrderRepository.findByAccountId,1674992130641950423,1674992130656573414,14622
45c20b0785379820c16d5950a743cfe0,a9e5d8b7662b0c33,cabf14a29e8002a8,ts-order-service-5b67c48447-mv5hb,OrderRepository.findByTravelDateAndTrainNumber,1674992130753855781,1674992130776774396,22918
45c20b0785379820c16d5950a743cfe0,098e14ca01ca83ef,ba785c46a1dcbe68,ts-order-service-5b67c48447-mv5hb,OrderRepository.findByTravelDateAndTrainNumber,1674992131040880855,1674992131054167192,13286
45c20b0785379820c16d5950a743cfe0,1ae4fca27530349d,ffad2d1382825837,ts-order-service-5b67c48447-mv5hb,OrderRepository.findByTravelDateAndTrainNumber,1674992131362809168,1674992131376033243,13224
45c20b0785379820c16d5950a743cfe0,756da31db66a4ba4,71f1a3faea92db4a,ts-order-service-5b67c48447-mv5hb,OrderRepository.findByAccountId,1674992131433532697,1674992131446370930,12838
45c20b0785379820c16d5950a743cfe0,64c7cb5521ea5fd1,71f1a3faea92db4a,ts-order-service-5b67c48447-mv5hb,OrderRepository.save,1674992131446455103,1674992131452086283,5631
45c20b0785379820c16d5950a743cfe0,a53ed1bbd94f7c8b,a048f275ccd65e2a,ts-order-service-5b67c48447-mv5hb,SELECT Order,1674992130642010130,1674992130656559085,14548
45c20b0785379820c16d5950a743cfe0,eefb109690ac3ba5,a9e5d8b7662b0c33,ts-order-service-5b67c48447-mv5hb,SELECT Order,1674992130753919343,1674992130776758974,22839
45c20b0785379820c16d5950a743cfe0,439ff04866329ee3,098e14ca01ca83ef,ts-order-service-5b67c48447-mv5hb,SELECT Order,1674992131040936761,1674992131054150229,13213
45c20b0785379820c16d5950a743cfe0,7cd4893be3391ddc,1ae4fca27530349d,ts-order-service-5b67c48447-mv5hb,SELECT Order,1674992131362868586,1674992131376018383,13149
45c20b0785379820c16d5950a743cfe0,0443ea5fc7d43a93,756da31db66a4ba4,ts-order-service-5b67c48447-mv5hb,SELECT Order,1674992131433586573,1674992131446354728,12768
45c20b0785379820c16d5950a743cfe0,cdbf7392bdfa9934,64c7cb5521ea5fd1,ts-order-service-5b67c48447-mv5hb,Session.merge order.entity.Order,1674992131447028437,1674992131448101918,1073
45c20b0785379820c16d5950a743cfe0,9275de73898b41d2,64c7cb5521ea5fd1,ts-order-service-5b67c48447-mv5hb,Transaction.commit,1674992131448113085,1674992131452064325,3951
45c20b0785379820c16d5950a743cfe0,a20142d18511fd78,a53ed1bbd94f7c8b,ts-order-service-5b67c48447-mv5hb,SELECT ts.orders,1674992130642603382,1674992130649898027,7294
45c20b0785379820c16d5950a743cfe0,75bc9ea63672a5cb,eefb109690ac3ba5,ts-order-service-5b67c48447-mv5hb,SELECT ts.orders,1674992130753990780,1674992130761334920,7344
45c20b0785379820c16d5950a743cfe0,f1f87c2b6ada5a74,439ff04866329ee3,ts-order-service-5b67c48447-mv5hb,SELECT ts.orders,1674992131041010216,1674992131048416984,7406
45c20b0785379820c16d5950a743cfe0,18dad427fbf82100,7cd4893be3391ddc,ts-order-service-5b67c48447-mv5hb,SELECT ts.orders,1674992131363402534,1674992131370665889,7263
45c20b0785379820c16d5950a743cfe0,e0dafde20d526080,0443ea5fc7d43a93,ts-order-service-5b67c48447-mv5hb,SELECT ts.orders,1674992131433655993,1674992131441055218,7399
45c20b0785379820c16d5950a743cfe0,63ca20aeafec461a,cdbf7392bdfa9934,ts-order-service-5b67c48447-mv5hb,SELECT ts.orders,1674992131447191153,1674992131447762558,571
45c20b0785379820c16d5950a743cfe0,46fb628afb6f21c1,9275de73898b41d2,ts-order-service-5b67c48447-mv5hb,INSERT ts.orders,1674992131448949120,1674992131451236060,2286
45c20b0785379820c16d5950a743cfe0,a6ffb0c1f954296a,4e9e3d11b89a1805,ts-order-other-service-6cdbf9b4cc-h7mqk,/api/v1/orderOtherService/orderOther/security/{checkDate}/{accountId},1674992130663000000,1674992130674950292,11950
45c20b0785379820c16d5950a743cfe0,091e21c473aa9bb0,a6ffb0c1f954296a,ts-order-other-service-6cdbf9b4cc-h7mqk,OrderOtherController.securityInfoCheck,1674992130663756348,1674992130674669955,10913
45c20b0785379820c16d5950a743cfe0,6b58f92f67e4309d,091e21c473aa9bb0,ts-order-other-service-6cdbf9b4cc-h7mqk,OrderOtherRepository.findByAccountId,1674992130664395409,1674992130673372546,8977
45c20b0785379820c16d5950a743cfe0,c3d5c25736bd9028,6b58f92f67e4309d,ts-order-other-service-6cdbf9b4cc-h7mqk,SELECT Order,1674992130664465554,1674992130673360883,8895
45c20b0785379820c16d5950a743cfe0,859bfc95144957dd,c3d5c25736bd9028,ts-order-other-service-6cdbf9b4cc-h7mqk,SELECT ts.orders_other,1674992130665018457,1674992130669517391,4498
45c20b0785379820c16d5950a743cfe0,ad47bb2c2a4d6ac9,c4251557aeef92ec,ts-security-service-cb9788d56-mrzv2,SecurityRepository.findByName,1674992130675439623,1674992130678626250,3186
45c20b0785379820c16d5950a743cfe0,51c2fcbcbbd6e0a5,c4251557aeef92ec,ts-security-service-cb9788d56-mrzv2,SecurityRepository.findByName,1674992130678646495,1674992130679292118,645
45c20b0785379820c16d5950a743cfe0,bc8603bfb6f5726b,ad47bb2c2a4d6ac9,ts-security-service-cb9788d56-mrzv2,SELECT SecurityConfig,1674992130675764275,1674992130678614872,2850
45c20b0785379820c16d5950a743cfe0,58c3d0384972e67d,51c2fcbcbbd6e0a5,ts-security-service-cb9788d56-mrzv2,SELECT SecurityConfig,1674992130678708387,1674992130679287404,579
45c20b0785379820c16d5950a743cfe0,0b7f16b213db4df1,bc8603bfb6f5726b,ts-security-service-cb9788d56-mrzv2,SELECT ts.security_config,1674992130677560186,1674992130678237053,676
45c20b0785379820c16d5950a743cfe0,1a7ca72071a05f6b,58c3d0384972e67d,ts-security-service-cb9788d56-mrzv2,SELECT ts.security_config,1674992130678784152,1674992130679154815,370
45c20b0785379820c16d5950a743cfe0,bbe481e8256600d8,52fc1faca5e6a0c9,ts-contacts-service-866bd68c97-xcqfx,/api/v1/contactservice/contacts/{id},1674992130686000000,1674992130696859883,10859
45c20b0785379820c16d5950a743cfe0,cd4c9dff671e8022,bbe481e8256600d8,ts-contacts-service-866bd68c97-xcqfx,ContactsController.getContactsByContactsId,1674992130687546313,1674992130696080570,8534
45c20b0785379820c16d5950a743cfe0,0edffd0611828644,cd4c9dff671e8022,ts-contacts-service-866bd68c97-xcqfx,ContactsRepository.findById,1674992130689168720,1674992130694909393,5740
45c20b0785379820c16d5950a743cfe0,ae3e9647e86e923e,0edffd0611828644,ts-contacts-service-866bd68c97-xcqfx,Session.find contacts.entity.Contacts,1674992130691099926,1674992130692930487,1830
45c20b0785379820c16d5950a743cfe0,953e6ad5294e16fc,0edffd0611828644,ts-contacts-service-866bd68c97-xcqfx,Transaction.commit,1674992130692985029,1674992130694278045,1293
45c20b0785379820c16d5950a743cfe0,0c936af4d4555ecc,ae3e9647e86e923e,ts-contacts-service-866bd68c97-xcqfx,SELECT ts.contacts,1674992130691468541,1674992130692282132,813
45c20b0785379820c16d5950a743cfe0,3bd45c4d728395fc,278578d787f5be7e,ts-travel-service-64469b5b48-25zj6,/api/v1/travelservice/trip_detail,1674992130700000000,1674992131298356584,598356
45c20b0785379820c16d5950a743cfe0,1fe1e43e2b1b86f1,3bd45c4d728395fc,ts-travel-service-64469b5b48-25zj6,TravelController.getTripAllDetailInfo,1674992130700804552,1674992131297965060,597160
45c20b0785379820c16d5950a743cfe0,e78b99250b9a4d22,1fe1e43e2b1b86f1,ts-travel-service-64469b5b48-25zj6,TripRepository.findByTripId,1674992130701491359,1674992130702636276,1144
45c20b0785379820c16d5950a743cfe0,c9a41568244a6ee0,e78b99250b9a4d22,ts-travel-service-64469b5b48-25zj6,SELECT Trip,1674992130701717667,1674992130702629607,911
45c20b0785379820c16d5950a743cfe0,bdbb24b167911f50,c9a41568244a6ee0,ts-travel-service-64469b5b48-25zj6,SELECT ts.trip,1674992130701908641,1674992130702535477,626
45c20b0785379820c16d5950a743cfe0,768b519714768ba7,1fe1e43e2b1b86f1,ts-travel-service-64469b5b48-25zj6,HTTP POST,1674992130703424524,1674992130745822316,42397
45c20b0785379820c16d5950a743cfe0,006c0ffc4e292885,1fe1e43e2b1b86f1,ts-travel-service-64469b5b48-25zj6,HTTP POST,1674992130747343534,1674992131016026523,268682
45c20b0785379820c16d5950a743cfe0,a173eb95648f1cda,768b519714768ba7,ts-basic-service-5dc8d4f9fd-46997,/api/v1/basicservice/basic/travel,1674992130705000000,1674992130745693555,40693
45c20b0785379820c16d5950a743cfe0,0130948201e3846e,d90dd359980140a2,ts-basic-service-5dc8d4f9fd-46997,/api/v1/basicservice/basic/travel,1674992131303000000,1674992131350994237,47994
45c20b0785379820c16d5950a743cfe0,6f34af9982afa74f,a173eb95648f1cda,ts-basic-service-5dc8d4f9fd-46997,BasicController.queryForTravel,1674992130705396824,1674992130745550577,40153
45c20b0785379820c16d5950a743cfe0,4f98fb1da47e35f4,0130948201e3846e,ts-basic-service-5dc8d4f9fd-46997,BasicController.queryForTravel,1674992131304471159,1674992131350703589,46232
45c20b0785379820c16d5950a743cfe0,eb3d169b3be4f0b9,6f34af9982afa74f,ts-basic-service-5dc8d4f9fd-46997,HTTP GET,1674992130706375643,1674992130710537936,4162
45c20b0785379820c16d5950a743cfe0,11b6b0f3125e5da5,6f34af9982afa74f,ts-basic-service-5dc8d4f9fd-46997,HTTP GET,1674992130711016706,1674992130713424728,2408
45c20b0785379820c16d5950a743cfe0,2b845d2419c21b57,6f34af9982afa74f,ts-basic-service-5dc8d4f9fd-46997,HTTP GET,1674992130713884590,1674992130720228779,6344
45c20b0785379820c16d5950a743cfe0,54054eef58b6aca4,6f34af9982afa74f,ts-basic-service-5dc8d4f9fd-46997,HTTP GET,1674992130721230951,1674992130735318379,14087
45c20b0785379820c16d5950a743cfe0,5573bc6ef2eb0ebc,6f34af9982afa74f,ts-basic-service-5dc8d4f9fd-46997,HTTP GET,1674992130737017107,1674992130744149692,7132
45c20b0785379820c16d5950a743cfe0,ddf505ca0d8e0678,4f98fb1da47e35f4,ts-basic-service-5dc8d4f9fd-46997,HTTP GET,1674992131305400621,1674992131309113193,3712
45c20b0785379820c16d5950a743cfe0,0bfc7c8d1975eb71,4f98fb1da47e35f4,ts-basic-service-5dc8d4f9fd-46997,HTTP GET,1674992131309747649,1674992131312066155,2318
45c20b0785379820c16d5950a743cfe0,80743ee5b323fb86,4f98fb1da47e35f4,ts-basic-service-5dc8d4f9fd-46997,HTTP GET,1674992131312567145,1674992131319176091,6608
45c20b0785379820c16d5950a743cfe0,71c6d68ef8fb3ae2,4f98fb1da47e35f4,ts-basic-service-5dc8d4f9fd-46997,HTTP GET,1674992131320022957,1674992131331530728,11507
45c20b0785379820c16d5950a743cfe0,6f72c1b67cee289b,4f98fb1da47e35f4,ts-basic-service-5dc8d4f9fd-46997,HTTP GET,1674992131342351044,1674992131349459067,7108
45c20b0785379820c16d5950a743cfe0,e64fe45c03f66c19,eb3d169b3be4f0b9,ts-station-service-7f4f5f6f77-5qb6j,/api/v1/stationservice/stations/id/{stationNameForId},1674992130707000000,1674992130710100972,3100
45c20b0785379820c16d5950a743cfe0,1bcd5fada7f85025,11b6b0f3125e5da5,ts-station-service-7f4f5f6f77-5qb6j,/api/v1/stationservice/stations/id/{stationNameForId},1674992130711000000,1674992130712675687,1675
45c20b0785379820c16d5950a743cfe0,e19541b7cae4cff5,ddf505ca0d8e0678,ts-station-service-7f4f5f6f77-5qb6j,/api/v1/stationservice/stations/id/{stationNameForId},1674992131306000000,1674992131308632383,2632
45c20b0785379820c16d5950a743cfe0,53febb0c5ff857a6,0bfc7c8d1975eb71,ts-station-service-7f4f5f6f77-5qb6j,/api/v1/stationservice/stations/id/{stationNameForId},1674992131310000000,1674992131311563719,1563
45c20b0785379820c16d5950a743cfe0,0f01f14a2605f927,e64fe45c03f66c19,ts-station-service-7f4f5f6f77-5qb6j,StationController.queryForStationId,1674992130707582880,1674992130709895196,2312
45c20b0785379820c16d5950a743cfe0,4794a6961eb7287b,1bcd5fada7f85025,ts-station-service-7f4f5f6f77-5qb6j,StationController.queryForStationId,1674992130711328930,1674992130712556787,1227
45c20b0785379820c16d5950a743cfe0,c8b0f15f15ebdb1e,e19541b7cae4cff5,ts-station-service-7f4f5f6f77-5qb6j,StationController.queryForStationId,1674992131306500826,1674992131308479429,1978
45c20b0785379820c16d5950a743cfe0,569c29b5bec0dc9f,53febb0c5ff857a6,ts-station-service-7f4f5f6f77-5qb6j,StationController.queryForStationId,1674992131310336566,1674992131311458591,1122
45c20b0785379820c16d5950a743cfe0,20e587acae6fd195,0f01f14a2605f927,ts-station-service-7f4f5f6f77-5qb6j,StationRepository.findByName,1674992130708178495,1674992130709686255,1507
45c20b0785379820c16d5950a743cfe0,c836fc15ef4b0ef7,4794a6961eb7287b,ts-station-service-7f4f5f6f77-5qb6j,StationRepository.findByName,1674992130711653438,1674992130712393017,739
45c20b0785379820c16d5950a743cfe0,db49de675905b7a1,c8b0f15f15ebdb1e,ts-station-service-7f4f5f6f77-5qb6j,StationRepository.findByName,1674992131306947594,1674992131308251795,1304
45c20b0785379820c16d5950a743cfe0,7a5a90a07e7928f2,569c29b5bec0dc9f,ts-station-service-7f4f5f6f77-5qb6j,StationRepository.findByName,1674992131310655170,1674992131311307804,652
45c20b0785379820c16d5950a743cfe0,1d3aa1484445724f,20e587acae6fd195,ts-station-service-7f4f5f6f77-5qb6j,SELECT Station,1674992130708406375,1674992130709680037,1273
45c20b0785379820c16d5950a743cfe0,89d320f2e91b46da,c836fc15ef4b0ef7,ts-station-service-7f4f5f6f77-5qb6j,SELECT Station,1674992130711705268,1674992130712389699,684
45c20b0785379820c16d5950a743cfe0,b7e8b46010a0f9f0,db49de675905b7a1,ts-station-service-7f4f5f6f77-5qb6j,SELECT Station,1674992131307023201,1674992131308245696,1222
45c20b0785379820c16d5950a743cfe0,87bc9f5f2a884dcf,7a5a90a07e7928f2,ts-station-service-7f4f5f6f77-5qb6j,SELECT Station,1674992131310704521,1674992131311304787,600
45c20b0785379820c16d5950a743cfe0,211b034038bc5d2b,1d3aa1484445724f,ts-station-service-7f4f5f6f77-5qb6j,SELECT ts.station,1674992130709113271,1674992130709629094,515
45c20b0785379820c16d5950a743cfe0,32d3689d8e165548,89d320f2e91b46da,ts-station-service-7f4f5f6f77-5qb6j,SELECT ts.station,1674992130711772492,1674992130712354525,582
45c20b0785379820c16d5950a743cfe0,a76eed1d6866ddce,b7e8b46010a0f9f0,ts-station-service-7f4f5f6f77-5qb6j,SELECT ts.station,1674992131307669599,1674992131308191449,521
45c20b0785379820c16d5950a743cfe0,fea4bf75f9b7e9e5,87bc9f5f2a884dcf,ts-station-service-7f4f5f6f77-5qb6j,SELECT ts.station,1674992131310786901,1674992131311270550,483
45c20b0785379820c16d5950a743cfe0,a93fb2513c9d92fd,2b845d2419c21b57,ts-train-service-86f5f97bc9-dkqmf,/api/v1/trainservice/trains/byName/{name},1674992130715000000,1674992130719866511,4866
45c20b0785379820c16d5950a743cfe0,e1bf23929c85d2e1,80743ee5b323fb86,ts-train-service-86f5f97bc9-dkqmf,/api/v1/trainservice/trains/byName/{name},1674992131314000000,1674992131318798940,4798
45c20b0785379820c16d5950a743cfe0,d6d9254596157c7e,a93fb2513c9d92fd,ts-train-service-86f5f97bc9-dkqmf,TrainController.retrieveByName,1674992130716159469,1674992130719367643,3208
45c20b0785379820c16d5950a743cfe0,73edfce2cefa4949,e1bf23929c85d2e1,ts-train-service-86f5f97bc9-dkqmf,TrainController.retrieveByName,1674992131314920701,1674992131318455227,3534
45c20b0785379820c16d5950a743cfe0,06652e2ad4f6e548,d6d9254596157c7e,ts-train-service-86f5f97bc9-dkqmf,TrainTypeRepository.findByName,1674992130717135924,1674992130718849513,1713
45c20b0785379820c16d5950a743cfe0,6d3573a7a81661da,73edfce2cefa4949,ts-train-service-86f5f97bc9-dkqmf,TrainTypeRepository.findByName,1674992131315736195,1674992131317967111,2230
45c20b0785379820c16d5950a743cfe0,d60120212231eaec,06652e2ad4f6e548,ts-train-service-86f5f97bc9-dkqmf,SELECT TrainType,1674992130717482643,1674992130718838441,1355
45c20b0785379820c16d5950a743cfe0,3ebf358557d3d3c4,6d3573a7a81661da,ts-train-service-86f5f97bc9-dkqmf,SELECT TrainType,1674992131315905038,1674992131317955248,2050
45c20b0785379820c16d5950a743cfe0,111f49560da333c5,d60120212231eaec,ts-train-service-86f5f97bc9-dkqmf,SELECT ts.train_type,1674992130717693940,1674992130718729122,1035
45c20b0785379820c16d5950a743cfe0,9d5750af4c02283e,3ebf358557d3d3c4,ts-train-service-86f5f97bc9-dkqmf,SELECT ts.train_type,1674992131316861625,1674992131317856298,994
45c20b0785379820c16d5950a743cfe0,c3d06fea46321c7a,54054eef58b6aca4,ts-route-service-b6c59fb57-zv8dt,/api/v1/routeservice/routes/{routeId},1674992130723000000,1674992130735310765,12310
45c20b0785379820c16d5950a743cfe0,a085831dc27cc243,71c6d68ef8fb3ae2,ts-route-service-b6c59fb57-zv8dt,/api/v1/routeservice/routes/{routeId},1674992131321000000,1674992131330715498,9715
45c20b0785379820c16d5950a743cfe0,98c0cacbed0bd25d,c3d06fea46321c7a,ts-route-service-b6c59fb57-zv8dt,RouteController.queryById,1674992130724363673,1674992130734745693,10382
45c20b0785379820c16d5950a743cfe0,77e281af298495af,a085831dc27cc243,ts-route-service-b6c59fb57-zv8dt,RouteController.queryById,1674992131321971811,1674992131330321478,8349
45c20b0785379820c16d5950a743cfe0,f6145f9aafdb988d,98c0cacbed0bd25d,ts-route-service-b6c59fb57-zv8dt,RouteRepository.findById,1674992130725555972,1674992130732193350,6637
45c20b0785379820c16d5950a743cfe0,bca6ac0a65b046d9,77e281af298495af,ts-route-service-b6c59fb57-zv8dt,RouteRepository.findById,1674992131322992037,1674992131328034449,5042
45c20b0785379820c16d5950a743cfe0,d5b42a67fb35f36e,f6145f9aafdb988d,ts-route-service-b6c59fb57-zv8dt,Session.find route.entity.Route,1674992130728269918,1674992130729799462,1529
45c20b0785379820c16d5950a743cfe0,f6a9b71144429cfd,f6145f9aafdb988d,ts-route-service-b6c59fb57-zv8dt,Transaction.commit,1674992130729911661,1674992130731173040,1261
45c20b0785379820c16d5950a743cfe0,6b142493ca35249b,bca6ac0a65b046d9,ts-route-service-b6c59fb57-zv8dt,Session.find route.entity.Route,1674992131325338908,1674992131326374117,1035
45c20b0785379820c16d5950a743cfe0,ec15ec124e4ed275,bca6ac0a65b046d9,ts-route-service-b6c59fb57-zv8dt,Transaction.commit,1674992131326394893,1674992131327494053,1099
45c20b0785379820c16d5950a743cfe0,6ea106d5f2c7a62f,d5b42a67fb35f36e,ts-route-service-b6c59fb57-zv8dt,SELECT ts.route,1674992130728597136,1674992130729469350,872
45c20b0785379820c16d5950a743cfe0,83be8c327d03f03d,98c0cacbed0bd25d,ts-route-service-b6c59fb57-zv8dt,SELECT ts.route_stations,1674992130732650164,1674992130733521364,871
45c20b0785379820c16d5950a743cfe0,6f8abbf4aa37f633,98c0cacbed0bd25d,ts-route-service-b6c59fb57-zv8dt,SELECT ts.route_distances,1674992130733662444,1674992130734459923,797
45c20b0785379820c16d5950a743cfe0,5ecfb0b636bab179,6b142493ca35249b,ts-route-service-b6c59fb57-zv8dt,SELECT ts.route,1674992131325486869,1674992131326198618,711
45c20b0785379820c16d5950a743cfe0,118a73fd4bb3adf0,77e281af298495af,ts-route-service-b6c59fb57-zv8dt,SELECT ts.route_stations,1674992131328386785,1674992131329133282,746
45c20b0785379820c16d5950a743cfe0,ccd5fbebfc0d79de,77e281af298495af,ts-route-service-b6c59fb57-zv8dt,SELECT ts.route_distances,1674992131329283172,1674992131330038537,755
45c20b0785379820c16d5950a743cfe0,adc093e0df21843a,5573bc6ef2eb0ebc,ts-price-service-76846864d9-g465z,/api/v1/priceservice/prices/{routeId}/{trainType},1674992130738000000,1674992130743637028,5637
45c20b0785379820c16d5950a743cfe0,f435939456a8a8d4,6f72c1b67cee289b,ts-price-service-76846864d9-g465z,/api/v1/priceservice/prices/{routeId}/{trainType},1674992131344000000,1674992131349217945,5217
45c20b0785379820c16d5950a743cfe0,89f7cb7408ac9b19,adc093e0df21843a,ts-price-service-76846864d9-g465z,PriceController.query,1674992130739006068,1674992130743195703,4189
45c20b0785379820c16d5950a743cfe0,26fbc87a0d896ded,f435939456a8a8d4,ts-price-service-76846864d9-g465z,PriceController.query,1674992131344894846,1674992131348837858,3943
45c20b0785379820c16d5950a743cfe0,c2a57eaa6aa96620,89f7cb7408ac9b19,ts-price-service-76846864d9-g465z,PriceConfigRepository.findByRouteIdAndTrainType,1674992130740756961,1674992130742707525,1950
45c20b0785379820c16d5950a743cfe0,34d6f45feb54957e,26fbc87a0d896ded,ts-price-service-76846864d9-g465z,PriceConfigRepository.findByRouteIdAndTrainType,1674992131346317623,1674992131348389560,2071
45c20b0785379820c16d5950a743cfe0,e52ae990b512579c,c2a57eaa6aa96620,ts-price-service-76846864d9-g465z,SELECT PriceConfig,1674992130741396808,1674992130742696191,1299
45c20b0785379820c16d5950a743cfe0,d7b3450f9df48b03,34d6f45feb54957e,ts-price-service-76846864d9-g465z,SELECT PriceConfig,1674992131346501508,1674992131348377742,1876
45c20b0785379820c16d5950a743cfe0,9549c5c3e19a4787,e52ae990b512579c,ts-price-service-76846864d9-g465z,SELECT ts.price_config,1674992130741561489,1674992130742553219,991
45c20b0785379820c16d5950a743cfe0,cb3c4841e1827ffc,d7b3450f9df48b03,ts-price-service-76846864d9-g465z,SELECT ts.price_config,1674992131347466012,1674992131348251609,785
45c20b0785379820c16d5950a743cfe0,6de1e5dad44e5125,006c0ffc4e292885,ts-seat-service-5c95b49cff-tdsdz,/api/v1/seatservice/seats/left_tickets,1674992130749000000,1674992131015460559,266460
45c20b0785379820c16d5950a743cfe0,8abb32dab5f37639,aab74bf0d7020d11,ts-seat-service-5c95b49cff-tdsdz,/api/v1/seatservice/seats/left_tickets,1674992131035000000,1674992131294367652,259367
45c20b0785379820c16d5950a743cfe0,a136980adbb446b9,97f41aae4aa4cdb8,ts-seat-service-5c95b49cff-tdsdz,/api/v1/seatservice/seats,1674992131356000000,1674992131428124559,72124
45c20b0785379820c16d5950a743cfe0,f8228f84796152c9,6de1e5dad44e5125,ts-seat-service-5c95b49cff-tdsdz,SeatController.getLeftTicketOfInterval,1674992130749573056,1674992131015171993,265598
45c20b0785379820c16d5950a743cfe0,563db2352e6031e9,8abb32dab5f37639,ts-seat-service-5c95b49cff-tdsdz,SeatController.getLeftTicketOfInterval,1674992131035547370,1674992131294161003,258613
45c20b0785379820c16d5950a743cfe0,244ea9546cfacd53,a136980adbb446b9,ts-seat-service-5c95b49cff-tdsdz,SeatController.create,1674992131358336501,1674992131427466142,69129
45c20b0785379820c16d5950a743cfe0,8441807a76618e44,f8228f84796152c9,ts-seat-service-5c95b49cff-tdsdz,HTTP POST,1674992130751463058,1674992130779227701,27764
45c20b0785379820c16d5950a743cfe0,390e6594ceb77588,f8228f84796152c9,ts-seat-service-5c95b49cff-tdsdz,HTTP GET,1674992131008491589,1674992131013738625,5247
45c20b0785379820c16d5950a743cfe0,44f20b2459e919ee,563db2352e6031e9,ts-seat-service-5c95b49cff-tdsdz,HTTP POST,1674992131037669886,1674992131055716170,18046
45c20b0785379820c16d5950a743cfe0,15fa5420db383c90,563db2352e6031e9,ts-seat-service-5c95b49cff-tdsdz,HTTP GET,1674992131288218044,1674992131293054242,4836
45c20b0785379820c16d5950a743cfe0,d38f448d3912af8b,244ea9546cfacd53,ts-seat-service-5c95b49cff-tdsdz,HTTP POST,1674992131360003363,1674992131377885415,17882
45c20b0785379820c16d5950a743cfe0,b13b5fb01358018c,390e6594ceb77588,ts-config-service-5fcd447d84-wxwjd,/api/v1/configservice/configs/{configName},1674992131010000000,1674992131012262534,2262
45c20b0785379820c16d5950a743cfe0,091f91165ab63857,15fa5420db383c90,ts-config-service-5fcd447d84-wxwjd,/api/v1/configservice/configs/{configName},1674992131290000000,1674992131292062323,2062
45c20b0785379820c16d5950a743cfe0,4abb248b6b2c802a,b13b5fb01358018c,ts-config-service-5fcd447d84-wxwjd,ConfigController.retrieve,1674992131010418412,1674992131012140749,1722
45c20b0785379820c16d5950a743cfe0,54e80cc2a3015c00,091f91165ab63857,ts-config-service-5fcd447d84-wxwjd,ConfigController.retrieve,1674992131290393782,1674992131291945033,1551
45c20b0785379820c16d5950a743cfe0,c716b5f9769c0b6b,4abb248b6b2c802a,ts-config-service-5fcd447d84-wxwjd,ConfigRepository.findByName,1674992131010843828,1674992131011731799,887
45c20b0785379820c16d5950a743cfe0,c978c163a06bcce0,54e80cc2a3015c00,ts-config-service-5fcd447d84-wxwjd,ConfigRepository.findByName,1674992131290727049,1674992131291524745,797
45c20b0785379820c16d5950a743cfe0,43a2582ff69d84ff,c716b5f9769c0b6b,ts-config-service-5fcd447d84-wxwjd,SELECT Config,1674992131010942832,1674992131011728508,785
45c20b0785379820c16d5950a743cfe0,31e64d20ffb09028,c978c163a06bcce0,ts-config-service-5fcd447d84-wxwjd,SELECT Config,1674992131290798965,1674992131291521267,722
45c20b0785379820c16d5950a743cfe0,51f1bb2eecd50c6d,43a2582ff69d84ff,ts-config-service-5fcd447d84-wxwjd,SELECT ts.config,1674992131011019372,1674992131011683728,664
45c20b0785379820c16d5950a743cfe0,685d6af6b9c30c34,31e64d20ffb09028,ts-config-service-5fcd447d84-wxwjd,SELECT ts.config,1674992131290866608,1674992131291474107,607
45c20b0785379820c16d5950a743cfe0,aab74bf0d7020d11,1fe1e43e2b1b86f1,ts-travel-service-64469b5b48-25zj6,HTTP POST,1674992131017282118,1674992131295557378,278275
45c20b0785379820c16d5950a743cfe0,a8f9f47b191624cd,1fe1e43e2b1b86f1,ts-travel-service-64469b5b48-25zj6,TripRepository.findByTripId,1674992131296679796,1674992131297661139,981
45c20b0785379820c16d5950a743cfe0,a7f312ca772f2903,a8f9f47b191624cd,ts-travel-service-64469b5b48-25zj6,SELECT Trip,1674992131296796874,1674992131297655269,858
45c20b0785379820c16d5950a743cfe0,12315475d51e80ab,a7f312ca772f2903,ts-travel-service-64469b5b48-25zj6,SELECT ts.trip,1674992131296938509,1674992131297571037,632
45c20b0785379820c16d5950a743cfe0,dadddc1f8e7b204f,69f7d271766b26c7,ts-user-service-687d654649-lrcwv,/api/v1/userservice/users/id/{userId},1674992131459000000,1674992131473191391,14191
45c20b0785379820c16d5950a743cfe0,329f55360e0a07a7,dadddc1f8e7b204f,ts-user-service-687d654649-lrcwv,UserController.getUserByUserId,1674992131463827755,1674992131472362810,8535
45c20b0785379820c16d5950a743cfe0,c265db9220567c2b,329f55360e0a07a7,ts-user-service-687d654649-lrcwv,UserRepository.findByUserId,1674992131465763732,1674992131471066999,5303
45c20b0785379820c16d5950a743cfe0,0d9ab4141fef56c1,c265db9220567c2b,ts-user-service-687d654649-lrcwv,SELECT User,1674992131466384319,1674992131471045764,4661
45c20b0785379820c16d5950a743cfe0,0ca83c2be745db49,0d9ab4141fef56c1,ts-user-service-687d654649-lrcwv,SELECT ts.user,1674992131468512620,1674992131469337304,824
118e33cdebc10232e1cc9d88e40fdf8b,b62204d6c29e44f9,root,ts-gateway-service-6f6cfc45b-h5m2n,/*,1674992138759000000,1674992139495666218,736666
118e33cdebc10232e1cc9d88e40fdf8b,f8312c358651b57f,b62204d6c29e44f9,ts-gateway-service-6f6cfc45b-h5m2n,FilteringWebHandler.handle,1674992138759890456,1674992139495460628,735570
118e33cdebc10232e1cc9d88e40fdf8b,4fad166e8a0a2e3a,b62204d6c29e44f9,ts-gateway-service-6f6cfc45b-h5m2n,HTTP POST,1674992138761066694,1674992139495627383,734560
118e33cdebc10232e1cc9d88e40fdf8b,cf8f4fe9b625ae46,4fad166e8a0a2e3a,ts-travel-service-64469b5b48-25zj6,/api/v1/travelservice/trips/left,1674992138763000000,1674992139494718076,731718
118e33cdebc10232e1cc9d88e40fdf8b,2f34d4e34ea4d3dc,cf8f4fe9b625ae46,ts-travel-service-64469b5b48-25zj6,TravelController.queryInfo,1674992138765127586,1674992139494135728,729008
118e33cdebc10232e1cc9d88e40fdf8b,e0e067129ff0def5,2f34d4e34ea4d3dc,ts-travel-service-64469b5b48-25zj6,TripRepository.findAll,1674992138766533994,1674992138769539498,3005
118e33cdebc10232e1cc9d88e40fdf8b,c5fa13f13d1c06a4,e0e067129ff0def5,ts-travel-service-64469b5b48-25zj6,SELECT Trip,1674992138767942970,1674992138768856243,913
118e33cdebc10232e1cc9d88e40fdf8b,87aa454a7af993ce,e0e067129ff0def5,ts-travel-service-64469b5b48-25zj6,Transaction.commit,1674992138768896630,1674992138769340192,443
118e33cdebc10232e1cc9d88e40fdf8b,eeea9a897bbd71bc,c5fa13f13d1c06a4,ts-travel-service-64469b5b48-25zj6,SELECT ts.trip,1674992138768208717,1674992138768665692,456
118e33cdebc10232e1cc9d88e40fdf8b,0a976ac1f10c48d1,2f34d4e34ea4d3dc,ts-travel-service-64469b5b48-25zj6,HTTP POST,1674992138770660200,1674992139438042890,667382
118e33cdebc10232e1cc9d88e40fdf8b,75ca8630e2bb6176,2f34d4e34ea4d3dc,ts-travel-service-64469b5b48-25zj6,HTTP POST,1674992139439719913,1674992139462406148,22686
118e33cdebc10232e1cc9d88e40fdf8b,5c499978377da29a,2f34d4e34ea4d3dc,ts-travel-service-64469b5b48-25zj6,HTTP POST,1674992139463254293,1674992139492664030,29409
118e33cdebc10232e1cc9d88e40fdf8b,c2802d4c77895c42,0a976ac1f10c48d1,ts-basic-service-5dc8d4f9fd-46997,/api/v1/basicservice/basic/travels,1674992138774000000,1674992139437348564,663348
118e33cdebc10232e1cc9d88e40fdf8b,09b33705667b5658,c2802d4c77895c42,ts-basic-service-5dc8d4f9fd-46997,BasicController.queryForTravels,1674992138774451291,1674992139437199287,662747
118e33cdebc10232e1cc9d88e40fdf8b,4e39414e679b8db5,09b33705667b5658,ts-basic-service-5dc8d4f9fd-46997,HTTP POST,1674992138775497380,1674992138780987756,5490
118e33cdebc10232e1cc9d88e40fdf8b,ea4b333a1fa85b13,09b33705667b5658,ts-basic-service-5dc8d4f9fd-46997,HTTP POST,1674992138781512757,1674992138790043242,8530
118e33cdebc10232e1cc9d88e40fdf8b,e840cf9c4593c87d,09b33705667b5658,ts-basic-service-5dc8d4f9fd-46997,HTTP POST,1674992138790941488,1674992139426323755,635382
118e33cdebc10232e1cc9d88e40fdf8b,cc754b74bf3d7e91,09b33705667b5658,ts-basic-service-5dc8d4f9fd-46997,HTTP POST,1674992139427917611,1674992139435925834,8008
118e33cdebc10232e1cc9d88e40fdf8b,4967f86deb0bca65,4e39414e679b8db5,ts-station-service-7f4f5f6f77-5qb6j,/api/v1/stationservice/stations/idlist,1674992138778000000,1674992138781093722,3093
118e33cdebc10232e1cc9d88e40fdf8b,17b2d53654e698e2,4967f86deb0bca65,ts-station-service-7f4f5f6f77-5qb6j,StationController.queryForIdBatch,1674992138778522234,1674992138780923782,2401
118e33cdebc10232e1cc9d88e40fdf8b,eb176080e16f7da5,17b2d53654e698e2,ts-station-service-7f4f5f6f77-5qb6j,StationRepository.findByNames,1674992138779124945,1674992138780668922,1543
118e33cdebc10232e1cc9d88e40fdf8b,bd601e1a8beeb6e9,eb176080e16f7da5,ts-station-service-7f4f5f6f77-5qb6j,SELECT station,1674992138779241260,1674992138780657544,1416
118e33cdebc10232e1cc9d88e40fdf8b,90388cfb6b6cd402,bd601e1a8beeb6e9,ts-station-service-7f4f5f6f77-5qb6j,SELECT ts.station,1674992138779983984,1674992138780585456,601
118e33cdebc10232e1cc9d88e40fdf8b,56fc38b73ce2c493,ea4b333a1fa85b13,ts-train-service-86f5f97bc9-dkqmf,/api/v1/trainservice/trains/byNames,1674992138784000000,1674992138789670336,5670
118e33cdebc10232e1cc9d88e40fdf8b,cdaaae412a0aa296,56fc38b73ce2c493,ts-train-service-86f5f97bc9-dkqmf,TrainController.retrieveByName,1674992138785115632,1674992138789230218,4114
118e33cdebc10232e1cc9d88e40fdf8b,f0a09b5df12035d0,cdaaae412a0aa296,ts-train-service-86f5f97bc9-dkqmf,TrainTypeRepository.findByNames,1674992138786321148,1674992138788702771,2381
118e33cdebc10232e1cc9d88e40fdf8b,945cf8d85c031617,f0a09b5df12035d0,ts-train-service-86f5f97bc9-dkqmf,SELECT train_type,1674992138786544765,1674992138788681382,2136
118e33cdebc10232e1cc9d88e40fdf8b,95dc1d089661c584,945cf8d85c031617,ts-train-service-86f5f97bc9-dkqmf,SELECT ts.train_type,1674992138787572582,1674992138788469306,896
118e33cdebc10232e1cc9d88e40fdf8b,81effaea0609163b,e840cf9c4593c87d,ts-route-service-b6c59fb57-zv8dt,/api/v1/routeservice/routes/byIds/,1674992139019000000,1674992139426361498,407361
118e33cdebc10232e1cc9d88e40fdf8b,37e83f251da895ee,81effaea0609163b,ts-route-service-b6c59fb57-zv8dt,RouteController.queryByIds,1674992139020000788,1674992139425897433,405896
118e33cdebc10232e1cc9d88e40fdf8b,96afea4f1bb3c9d7,37e83f251da895ee,ts-route-service-b6c59fb57-zv8dt,RouteRepository.findByIds,1674992139021263093,1674992139320494973,299231
118e33cdebc10232e1cc9d88e40fdf8b,f3773a9c4673db58,96afea4f1bb3c9d7,ts-route-service-b6c59fb57-zv8dt,SELECT route,1674992139021441924,1674992139320462634,299020
118e33cdebc10232e1cc9d88e40fdf8b,fe7da97feed1c1d6,f3773a9c4673db58,ts-route-service-b6c59fb57-zv8dt,SELECT ts.route,1674992139022548265,1674992139320163767,297615
118e33cdebc10232e1cc9d88e40fdf8b,689769d28c08480f,37e83f251da895ee,ts-route-service-b6c59fb57-zv8dt,SELECT ts.route_stations,1674992139320965053,1674992139322303237,1338
118e33cdebc10232e1cc9d88e40fdf8b,4e810a236b362f68,37e83f251da895ee,ts-route-service-b6c59fb57-zv8dt,SELECT ts.route_distances,1674992139322517236,1674992139323487032,969
118e33cdebc10232e1cc9d88e40fdf8b,07cd53f6ddf8a89a,37e83f251da895ee,ts-route-service-b6c59fb57-zv8dt,SELECT ts.route_stations,1674992139323657028,1674992139410438977,86781
118e33cdebc10232e1cc9d88e40fdf8b,393357f016248829,37e83f251da895ee,ts-route-service-b6c59fb57-zv8dt,SELECT ts.route_distances,1674992139418992404,1674992139420062019,1069
118e33cdebc10232e1cc9d88e40fdf8b,969e417c5463969f,37e83f251da895ee,ts-route-service-b6c59fb57-zv8dt,SELECT ts.route_stations,1674992139420235090,1674992139420956319,721
118e33cdebc10232e1cc9d88e40fdf8b,b1c861ad20bda2de,37e83f251da895ee,ts-route-service-b6c59fb57-zv8dt,SELECT ts.route_distances,1674992139421047841,1674992139421929170,881
118e33cdebc10232e1cc9d88e40fdf8b,829377645da27da3,37e83f251da895ee,ts-route-service-b6c59fb57-zv8dt,SELECT ts.route_stations,1674992139422028807,1674992139422917479,888
118e33cdebc10232e1cc9d88e40fdf8b,5b8ef4ccc98edfd7,37e83f251da895ee,ts-route-service-b6c59fb57-zv8dt,SELECT ts.route_distances,1674992139423105569,1674992139423912320,806
118e33cdebc10232e1cc9d88e40fdf8b,b90451352578cd78,37e83f251da895ee,ts-route-service-b6c59fb57-zv8dt,SELECT ts.route_stations,1674992139424034154,1674992139424763852,729
118e33cdebc10232e1cc9d88e40fdf8b,b236a330daaeff78,37e83f251da895ee,ts-route-service-b6c59fb57-zv8dt,SELECT ts.route_distances,1674992139424863527,1674992139425564440,700
118e33cdebc10232e1cc9d88e40fdf8b,3b33c3cceb23ef2c,cc754b74bf3d7e91,ts-price-service-76846864d9-g465z,/api/v1/priceservice/prices/byRouteIdsAndTrainTypes,1674992139431000000,1674992139436026566,5026
118e33cdebc10232e1cc9d88e40fdf8b,9cd9e68a356d6a1b,3b33c3cceb23ef2c,ts-price-service-76846864d9-g465z,PriceController.query,1674992139431937025,1674992139435630855,3693
118e33cdebc10232e1cc9d88e40fdf8b,3528de6c61ae6903,9cd9e68a356d6a1b,ts-price-service-76846864d9-g465z,PriceConfigRepository.findByRouteIdsAndTrainTypes,1674992139433098645,1674992139435098210,1999
118e33cdebc10232e1cc9d88e40fdf8b,0ee9b706ca70f05c,3528de6c61ae6903,ts-price-service-76846864d9-g465z,SELECT price_config,1674992139433423691,1674992139435078463,1654
118e33cdebc10232e1cc9d88e40fdf8b,d22222fa0297d4de,0ee9b706ca70f05c,ts-price-service-76846864d9-g465z,SELECT ts.price_config,1674992139434247140,1674992139434923147,676
118e33cdebc10232e1cc9d88e40fdf8b,232f0bc282e41878,75ca8630e2bb6176,ts-seat-service-5c95b49cff-tdsdz,/api/v1/seatservice/seats/left_tickets,1674992139443000000,1674992139461865934,18865
118e33cdebc10232e1cc9d88e40fdf8b,067e4320b01a79a5,5c499978377da29a,ts-seat-service-5c95b49cff-tdsdz,/api/v1/seatservice/seats/left_tickets,1674992139465000000,1674992139492753480,27753
118e33cdebc10232e1cc9d88e40fdf8b,80050b625ede6660,232f0bc282e41878,ts-seat-service-5c95b49cff-tdsdz,SeatController.getLeftTicketOfInterval,1674992139443590882,1674992139461607461,18016
118e33cdebc10232e1cc9d88e40fdf8b,9aa40a79adbcc162,067e4320b01a79a5,ts-seat-service-5c95b49cff-tdsdz,SeatController.getLeftTicketOfInterval,1674992139465536552,1674992139492539854,27003
118e33cdebc10232e1cc9d88e40fdf8b,4d99d4947f6b43d7,80050b625ede6660,ts-seat-service-5c95b49cff-tdsdz,HTTP POST,1674992139445770076,1674992139452589585,6819
118e33cdebc10232e1cc9d88e40fdf8b,d1b3316e5408e4c7,80050b625ede6660,ts-seat-service-5c95b49cff-tdsdz,HTTP GET,1674992139453857940,1674992139460346047,6488
118e33cdebc10232e1cc9d88e40fdf8b,e1f51a0056092cd4,9aa40a79adbcc162,ts-seat-service-5c95b49cff-tdsdz,HTTP POST,1674992139467322874,1674992139472111219,4788
118e33cdebc10232e1cc9d88e40fdf8b,9e1169f43918a03b,9aa40a79adbcc162,ts-seat-service-5c95b49cff-tdsdz,HTTP GET,1674992139473116754,1674992139491484247,18367
118e33cdebc10232e1cc9d88e40fdf8b,a3cf0fabc0baed82,4d99d4947f6b43d7,ts-order-service-5b67c48447-mv5hb,/api/v1/orderservice/order/tickets,1674992139449000000,1674992139451672207,2672
118e33cdebc10232e1cc9d88e40fdf8b,9022df8378964dbc,e1f51a0056092cd4,ts-order-service-5b67c48447-mv5hb,/api/v1/orderservice/order/tickets,1674992139468000000,1674992139470406738,2406
118e33cdebc10232e1cc9d88e40fdf8b,52816b974458db51,a3cf0fabc0baed82,ts-order-service-5b67c48447-mv5hb,OrderController.getTicketListByDateAndTripId,1674992139449409627,1674992139451538429,2128
118e33cdebc10232e1cc9d88e40fdf8b,a4d2a07d8292f962,9022df8378964dbc,ts-order-service-5b67c48447-mv5hb,OrderController.getTicketListByDateAndTripId,1674992139468202762,1674992139470313386,2110
118e33cdebc10232e1cc9d88e40fdf8b,b66d2d06cd0fcd6d,52816b974458db51,ts-order-service-5b67c48447-mv5hb,OrderRepository.findByTravelDateAndTrainNumber,1674992139449921816,1674992139451054112,1132
118e33cdebc10232e1cc9d88e40fdf8b,2db08e58453d8a3f,a4d2a07d8292f962,ts-order-service-5b67c48447-mv5hb,OrderRepository.findByTravelDateAndTrainNumber,1674992139468493446,1674992139469941061,1447
118e33cdebc10232e1cc9d88e40fdf8b,8ef8d2629f3d2db4,b66d2d06cd0fcd6d,ts-order-service-5b67c48447-mv5hb,SELECT Order,1674992139449995784,1674992139451042037,1046
118e33cdebc10232e1cc9d88e40fdf8b,bcef69b4cef3a457,2db08e58453d8a3f,ts-order-service-5b67c48447-mv5hb,SELECT Order,1674992139468526410,1674992139469933138,1406
118e33cdebc10232e1cc9d88e40fdf8b,2ff1fcef9a518341,8ef8d2629f3d2db4,ts-order-service-5b67c48447-mv5hb,SELECT ts.orders,1674992139450068349,1674992139451023415,955
118e33cdebc10232e1cc9d88e40fdf8b,fbe9938e5d8377b7,bcef69b4cef3a457,ts-order-service-5b67c48447-mv5hb,SELECT ts.orders,1674992139469071178,1674992139469921904,850
118e33cdebc10232e1cc9d88e40fdf8b,331673f4ee2626b2,d1b3316e5408e4c7,ts-config-service-5fcd447d84-wxwjd,/api/v1/configservice/configs/{configName},1674992139457000000,1674992139459405956,2405
118e33cdebc10232e1cc9d88e40fdf8b,74dfc8d3de646ebc,9e1169f43918a03b,ts-config-service-5fcd447d84-wxwjd,/api/v1/configservice/configs/{configName},1674992139474000000,1674992139475315462,1315
118e33cdebc10232e1cc9d88e40fdf8b,36e1e28920db157f,331673f4ee2626b2,ts-config-service-5fcd447d84-wxwjd,ConfigController.retrieve,1674992139457424897,1674992139459278916,1854
118e33cdebc10232e1cc9d88e40fdf8b,85c886cb3400bbbb,74dfc8d3de646ebc,ts-config-service-5fcd447d84-wxwjd,ConfigController.retrieve,1674992139474195823,1674992139475230134,1034
118e33cdebc10232e1cc9d88e40fdf8b,b2e8676e971a2322,36e1e28920db157f,ts-config-service-5fcd447d84-wxwjd,ConfigRepository.findByName,1674992139457877681,1674992139458832171,954
118e33cdebc10232e1cc9d88e40fdf8b,135cf6fff8fc323b,85c886cb3400bbbb,ts-config-service-5fcd447d84-wxwjd,ConfigRepository.findByName,1674992139474417926,1674992139474912733,494
118e33cdebc10232e1cc9d88e40fdf8b,946759e0e91b410c,b2e8676e971a2322,ts-config-service-5fcd447d84-wxwjd,SELECT Config,1674992139457934052,1674992139458828486,894
118e33cdebc10232e1cc9d88e40fdf8b,2ae60cc733054789,135cf6fff8fc323b,ts-config-service-5fcd447d84-wxwjd,SELECT Config,1674992139474463842,1674992139474910462,446
118e33cdebc10232e1cc9d88e40fdf8b,818f21618d7a0c29,946759e0e91b410c,ts-config-service-5fcd447d84-wxwjd,SELECT ts.config,1674992139458400438,1674992139458783726,383
118e33cdebc10232e1cc9d88e40fdf8b,0e3298d8ab6475a0,2ae60cc733054789,ts-config-service-5fcd447d84-wxwjd,SELECT ts.config,1674992139474498359,1674992139474888939,390
a5483770180aa8ba03d4b689ebfd5621,34a2bd402cbfb90d,root,ts-gateway-service-6f6cfc45b-h5m2n,/*,1674992108472000000,1674992109579975542,1107975
a5483770180aa8ba03d4b689ebfd5621,10f26db6069cfdfe,34a2bd402cbfb90d,ts-gateway-service-6f6cfc45b-h5m2n,FilteringWebHandler.handle,1674992108473332977,1674992109579730665,1106397
a5483770180aa8ba03d4b689ebfd5621,5b73518f4cce8980,34a2bd402cbfb90d,ts-gateway-service-6f6cfc45b-h5m2n,HTTP POST,1674992108474540584,1674992109579920932,1105380
a5483770180aa8ba03d4b689ebfd5621,6874930c6095b4f6,5b73518f4cce8980,ts-travel-service-64469b5b48-25zj6,/api/v1/travelservice/trips/left,1674992108477000000,1674992109578304478,1101304
a5483770180aa8ba03d4b689ebfd5621,8c658d11006635ab,6874930c6095b4f6,ts-travel-service-64469b5b48-25zj6,TravelController.queryInfo,1674992108478284969,1674992109577875864,1099590
a5483770180aa8ba03d4b689ebfd5621,41a257a0e8e69ac6,8c658d11006635ab,ts-travel-service-64469b5b48-25zj6,TripRepository.findAll,1674992108478984699,1674992108481335598,2350
a5483770180aa8ba03d4b689ebfd5621,2f293ad8d09642ed,41a257a0e8e69ac6,ts-travel-service-64469b5b48-25zj6,SELECT Trip,1674992108480115869,1674992108480728677,612
a5483770180aa8ba03d4b689ebfd5621,2d716f8195bd03c4,41a257a0e8e69ac6,ts-travel-service-64469b5b48-25zj6,Transaction.commit,1674992108480749298,1674992108481148415,399
a5483770180aa8ba03d4b689ebfd5621,69caef9d3661615a,2f293ad8d09642ed,ts-travel-service-64469b5b48-25zj6,SELECT ts.trip,1674992108480221473,1674992108480614260,392
a5483770180aa8ba03d4b689ebfd5621,f939e2e00b5c3bf1,8c658d11006635ab,ts-travel-service-64469b5b48-25zj6,HTTP POST,1674992108482205611,1674992108538260132,56054
a5483770180aa8ba03d4b689ebfd5621,ee26fe795edb2bb4,8c658d11006635ab,ts-travel-service-64469b5b48-25zj6,HTTP POST,1674992108539555064,1674992108786222732,246667
a5483770180aa8ba03d4b689ebfd5621,8bc557b8d8a894b9,8c658d11006635ab,ts-travel-service-64469b5b48-25zj6,HTTP POST,1674992108787231110,1674992108802839858,15608
a5483770180aa8ba03d4b689ebfd5621,92d2f72116fae81e,8c658d11006635ab,ts-travel-service-64469b5b48-25zj6,HTTP POST,1674992108803651962,1674992109270027125,466375
a5483770180aa8ba03d4b689ebfd5621,0d67fdb2514d423b,8c658d11006635ab,ts-travel-service-64469b5b48-25zj6,HTTP POST,1674992109270918941,1674992109510493634,239574
a5483770180aa8ba03d4b689ebfd5621,2fff1fae493eb60e,8c658d11006635ab,ts-travel-service-64469b5b48-25zj6,HTTP POST,1674992109511687796,1674992109540961426,29273
a5483770180aa8ba03d4b689ebfd5621,a9bb8c8edc39fd50,8c658d11006635ab,ts-travel-service-64469b5b48-25zj6,HTTP POST,1674992109541879905,1674992109576572584,34692
a5483770180aa8ba03d4b689ebfd5621,b2aaaa2d6f669dab,f939e2e00b5c3bf1,ts-basic-service-5dc8d4f9fd-46997,/api/v1/basicservice/basic/travels,1674992108486000000,1674992108538674229,52674
a5483770180aa8ba03d4b689ebfd5621,9f6181bf4d75c9f3,b2aaaa2d6f669dab,ts-basic-service-5dc8d4f9fd-46997,BasicController.queryForTravels,1674992108486806076,1674992108538482729,51676
a5483770180aa8ba03d4b689ebfd5621,8ab46a50b414d27c,9f6181bf4d75c9f3,ts-basic-service-5dc8d4f9fd-46997,HTTP POST,1674992108488281902,1674992108496135228,7853
a5483770180aa8ba03d4b689ebfd5621,73243008cf04938e,9f6181bf4d75c9f3,ts-basic-service-5dc8d4f9fd-46997,HTTP POST,1674992108496695869,1674992108505616038,8920
a5483770180aa8ba03d4b689ebfd5621,ddb4a2beb9d8f9c6,9f6181bf4d75c9f3,ts-basic-service-5dc8d4f9fd-46997,HTTP POST,1674992108506646046,1674992108526216701,19570
a5483770180aa8ba03d4b689ebfd5621,ebd8f3f8b6abbb3e,9f6181bf4d75c9f3,ts-basic-service-5dc8d4f9fd-46997,HTTP POST,1674992108527572596,1674992108536865196,9292
a5483770180aa8ba03d4b689ebfd5621,dcbd235099303055,8ab46a50b414d27c,ts-station-service-7f4f5f6f77-5qb6j,/api/v1/stationservice/stations/idlist,1674992108491000000,1674992108495372504,4372
a5483770180aa8ba03d4b689ebfd5621,c93b52e2876a2b94,dcbd235099303055,ts-station-service-7f4f5f6f77-5qb6j,StationController.queryForIdBatch,1674992108492155761,1674992108495137787,2982
a5483770180aa8ba03d4b689ebfd5621,7c7f4de4b67f043e,c93b52e2876a2b94,ts-station-service-7f4f5f6f77-5qb6j,StationRepository.findByNames,1674992108493119211,1674992108494789250,1670
a5483770180aa8ba03d4b689ebfd5621,4c27936c06af6586,7c7f4de4b67f043e,ts-station-service-7f4f5f6f77-5qb6j,SELECT station,1674992108493299849,1674992108494774267,1474
a5483770180aa8ba03d4b689ebfd5621,6aebb8e3ce270105,4c27936c06af6586,ts-station-service-7f4f5f6f77-5qb6j,SELECT ts.station,1674992108494078726,1674992108494687901,609
a5483770180aa8ba03d4b689ebfd5621,a24106165b5b5eb2,73243008cf04938e,ts-train-service-86f5f97bc9-dkqmf,/api/v1/trainservice/trains/byNames,1674992108500000000,1674992108505514959,5514
a5483770180aa8ba03d4b689ebfd5621,ba86db68ca9a04ef,a24106165b5b5eb2,ts-train-service-86f5f97bc9-dkqmf,TrainController.retrieveByName,1674992108501079092,1674992108505011886,3932
a5483770180aa8ba03d4b689ebfd5621,2d59fb57d223a105,ba86db68ca9a04ef,ts-train-service-86f5f97bc9-dkqmf,TrainTypeRepository.findByNames,1674992108502319174,1674992108504525338,2206
a5483770180aa8ba03d4b689ebfd5621,d579fec26fdda156,2d59fb57d223a105,ts-train-service-86f5f97bc9-dkqmf,SELECT train_type,1674992108502495886,1674992108504501963,2006
a5483770180aa8ba03d4b689ebfd5621,76c47524645ec4ba,d579fec26fdda156,ts-train-service-86f5f97bc9-dkqmf,SELECT ts.train_type,1674992108503584641,1674992108504383165,798
a5483770180aa8ba03d4b689ebfd5621,0b01f6212f932153,ddb4a2beb9d8f9c6,ts-route-service-b6c59fb57-zv8dt,/api/v1/routeservice/routes/byIds/,1674992108510000000,1674992108525848016,15848
a5483770180aa8ba03d4b689ebfd5621,c11ca9ae45cde0a6,0b01f6212f932153,ts-route-service-b6c59fb57-zv8dt,RouteController.queryByIds,1674992108511338610,1674992108525319124,13980
a5483770180aa8ba03d4b689ebfd5621,8a82cf7d00c447cf,c11ca9ae45cde0a6,ts-route-service-b6c59fb57-zv8dt,RouteRepository.findByIds,1674992108512790242,1674992108515895319,3105
a5483770180aa8ba03d4b689ebfd5621,4f817bc078a4eaa6,8a82cf7d00c447cf,ts-route-service-b6c59fb57-zv8dt,SELECT route,1674992108513068440,1674992108515857548,2789
a5483770180aa8ba03d4b689ebfd5621,9f7e35040d8c49bb,4f817bc078a4eaa6,ts-route-service-b6c59fb57-zv8dt,SELECT ts.route,1674992108514687697,1674992108515589294,901
a5483770180aa8ba03d4b689ebfd5621,f895dab3d12dbfd6,c11ca9ae45cde0a6,ts-route-service-b6c59fb57-zv8dt,SELECT ts.route_stations,1674992108516239182,1674992108517087822,848
a5483770180aa8ba03d4b689ebfd5621,ed2d5172dca4677c,c11ca9ae45cde0a6,ts-route-service-b6c59fb57-zv8dt,SELECT ts.route_distances,1674992108517245838,1674992108517956148,710
a5483770180aa8ba03d4b689ebfd5621,028f6e49ee65acf4,c11ca9ae45cde0a6,ts-route-service-b6c59fb57-zv8dt,SELECT ts.route_stations,1674992108518063371,1674992108518699075,635
a5483770180aa8ba03d4b689ebfd5621,54044bc823aa7039,c11ca9ae45cde0a6,ts-route-service-b6c59fb57-zv8dt,SELECT ts.route_distances,1674992108518784837,1674992108519578967,794
a5483770180aa8ba03d4b689ebfd5621,c8fa9dea996a6b68,c11ca9ae45cde0a6,ts-route-service-b6c59fb57-zv8dt,SELECT ts.route_stations,1674992108519675755,1674992108520364363,688
a5483770180aa8ba03d4b689ebfd5621,6bb789702a6205fa,c11ca9ae45cde0a6,ts-route-service-b6c59fb57-zv8dt,SELECT ts.route_distances,1674992108520454302,1674992108521131845,677
a5483770180aa8ba03d4b689ebfd5621,983af3e0d557d184,c11ca9ae45cde0a6,ts-route-service-b6c59fb57-zv8dt,SELECT ts.route_stations,1674992108521213218,1674992108521956195,742
a5483770180aa8ba03d4b689ebfd5621,21b2b6dd4921176b,c11ca9ae45cde0a6,ts-route-service-b6c59fb57-zv8dt,SELECT ts.route_distances,1674992108522055710,1674992108522983907,928
a5483770180aa8ba03d4b689ebfd5621,37d447edc9162d07,c11ca9ae45cde0a6,ts-route-service-b6c59fb57-zv8dt,SELECT ts.route_stations,1674992108523100536,1674992108524031769,931
a5483770180aa8ba03d4b689ebfd5621,e87d65a7836fe3b6,c11ca9ae45cde0a6,ts-route-service-b6c59fb57-zv8dt,SELECT ts.route_distances,1674992108524140297,1674992108524942053,801
a5483770180aa8ba03d4b689ebfd5621,a5458a26fc6de461,ebd8f3f8b6abbb3e,ts-price-service-76846864d9-g465z,/api/v1/priceservice/prices/byRouteIdsAndTrainTypes,1674992108531000000,1674992108536867923,5867
a5483770180aa8ba03d4b689ebfd5621,83e7232c713d30dc,a5458a26fc6de461,ts-price-service-76846864d9-g465z,PriceController.query,1674992108532092481,1674992108536408588,4316
a5483770180aa8ba03d4b689ebfd5621,de51e062487ad018,83e7232c713d30dc,ts-price-service-76846864d9-g465z,PriceConfigRepository.findByRouteIdsAndTrainTypes,1674992108533346393,1674992108535838634,2492
a5483770180aa8ba03d4b689ebfd5621,65e03907ad53dada,de51e062487ad018,ts-price-service-76846864d9-g465z,SELECT price_config,1674992108533604687,1674992108535818484,2213
a5483770180aa8ba03d4b689ebfd5621,6034e0d559db08b2,65e03907ad53dada,ts-price-service-76846864d9-g465z,SELECT ts.price_config,1674992108534792823,1674992108535609355,816
a5483770180aa8ba03d4b689ebfd5621,43958cc944340231,ee26fe795edb2bb4,ts-seat-service-5c95b49cff-tdsdz,/api/v1/seatservice/seats/left_tickets,1674992108544000000,1674992108786540191,242540
a5483770180aa8ba03d4b689ebfd5621,b06c41bd8da5e624,8bc557b8d8a894b9,ts-seat-service-5c95b49cff-tdsdz,/api/v1/seatservice/seats/left_tickets,1674992108789000000,1674992108802714054,13714
a5483770180aa8ba03d4b689ebfd5621,8d4ef2958af9d610,92d2f72116fae81e,ts-seat-service-5c95b49cff-tdsdz,/api/v1/seatservice/seats/left_tickets,1674992109027000000,1674992109270069400,243069
a5483770180aa8ba03d4b689ebfd5621,e9e9c61bc480d1d1,0d67fdb2514d423b,ts-seat-service-5c95b49cff-tdsdz,/api/v1/seatservice/seats/left_tickets,1674992109273000000,1674992109510200243,237200
a5483770180aa8ba03d4b689ebfd5621,0c574d533e742b0c,2fff1fae493eb60e,ts-seat-service-5c95b49cff-tdsdz,/api/v1/seatservice/seats/left_tickets,1674992109527000000,1674992109541088766,14088
a5483770180aa8ba03d4b689ebfd5621,1f0d688a93bff910,a9bb8c8edc39fd50,ts-seat-service-5c95b49cff-tdsdz,/api/v1/seatservice/seats/left_tickets,1674992109544000000,1674992109577075562,33075
a5483770180aa8ba03d4b689ebfd5621,2e5b7de3dd4bb8d2,43958cc944340231,ts-seat-service-5c95b49cff-tdsdz,SeatController.getLeftTicketOfInterval,1674992108545290137,1674992108786181672,240891
a5483770180aa8ba03d4b689ebfd5621,c991468e65f75451,b06c41bd8da5e624,ts-seat-service-5c95b49cff-tdsdz,SeatController.getLeftTicketOfInterval,1674992108789555967,1674992108802525761,12969
a5483770180aa8ba03d4b689ebfd5621,40ffd6a433ee0bad,8d4ef2958af9d610,ts-seat-service-5c95b49cff-tdsdz,SeatController.getLeftTicketOfInterval,1674992109027518793,1674992109269851113,242332
a5483770180aa8ba03d4b689ebfd5621,f862c8cdd2c5cb60,e9e9c61bc480d1d1,ts-seat-service-5c95b49cff-tdsdz,SeatController.getLeftTicketOfInterval,1674992109273489837,1674992109509960242,236470
a5483770180aa8ba03d4b689ebfd5621,91f35b64e065517b,0c574d533e742b0c,ts-seat-service-5c95b49cff-tdsdz,SeatController.getLeftTicketOfInterval,1674992109527523982,1674992109540878173,13354
a5483770180aa8ba03d4b689ebfd5621,42d57cc0e9e41db0,1f0d688a93bff910,ts-seat-service-5c95b49cff-tdsdz,SeatController.getLeftTicketOfInterval,1674992109544507565,1674992109576799218,32291
a5483770180aa8ba03d4b689ebfd5621,512a363f7a4639cb,2e5b7de3dd4bb8d2,ts-seat-service-5c95b49cff-tdsdz,HTTP POST,1674992108548591761,1674992108775128742,226536
a5483770180aa8ba03d4b689ebfd5621,be8084a385690c92,2e5b7de3dd4bb8d2,ts-seat-service-5c95b49cff-tdsdz,HTTP GET,1674992108776607327,1674992108784612926,8005
a5483770180aa8ba03d4b689ebfd5621,94244bd5559768e4,c991468e65f75451,ts-seat-service-5c95b49cff-tdsdz,HTTP POST,1674992108791323255,1674992108796768653,5445
a5483770180aa8ba03d4b689ebfd5621,e7d8835067b720be,c991468e65f75451,ts-seat-service-5c95b49cff-tdsdz,HTTP GET,1674992108797749169,1674992108801577162,3827
a5483770180aa8ba03d4b689ebfd5621,4048aa567d51f008,40ffd6a433ee0bad,ts-seat-service-5c95b49cff-tdsdz,HTTP POST,1674992109029523162,1674992109262836562,233313
a5483770180aa8ba03d4b689ebfd5621,e70b367d1171d1ef,40ffd6a433ee0bad,ts-seat-service-5c95b49cff-tdsdz,HTTP GET,1674992109263989300,1674992109268729699,4740
a5483770180aa8ba03d4b689ebfd5621,c1c204e8f825792a,f862c8cdd2c5cb60,ts-seat-service-5c95b49cff-tdsdz,HTTP POST,1674992109275241786,1674992109502950860,227709
a5483770180aa8ba03d4b689ebfd5621,3f9e1a3a23a54d6c,f862c8cdd2c5cb60,ts-seat-service-5c95b49cff-tdsdz,HTTP GET,1674992109504234811,1674992109508741107,4506
a5483770180aa8ba03d4b689ebfd5621,0c2a7ebc551e38e1,91f35b64e065517b,ts-seat-service-5c95b49cff-tdsdz,HTTP POST,1674992109529437020,1674992109535077019,5639
a5483770180aa8ba03d4b689ebfd5621,0a8e3148a0a8db3c,91f35b64e065517b,ts-seat-service-5c95b49cff-tdsdz,HTTP GET,1674992109536160371,1674992109539859083,3698
a5483770180aa8ba03d4b689ebfd5621,16a8769511bc7a2c,42d57cc0e9e41db0,ts-seat-service-5c95b49cff-tdsdz,HTTP POST,1674992109546300338,1674992109551426369,5126
a5483770180aa8ba03d4b689ebfd5621,e6201e6916931776,42d57cc0e9e41db0,ts-seat-service-5c95b49cff-tdsdz,HTTP GET,1674992109552365498,1674992109575558885,23193
a5483770180aa8ba03d4b689ebfd5621,68be5cd1af214a20,512a363f7a4639cb,ts-order-service-5b67c48447-mv5hb,/api/v1/orderservice/order/tickets,1674992108552000000,1674992108555500990,3500
a5483770180aa8ba03d4b689ebfd5621,beee75e7537da632,94244bd5559768e4,ts-order-service-5b67c48447-mv5hb,/api/v1/orderservice/order/tickets,1674992108793000000,1674992108795998426,2998
a5483770180aa8ba03d4b689ebfd5621,d6b74a85d8784042,68be5cd1af214a20,ts-order-service-5b67c48447-mv5hb,OrderController.getTicketListByDateAndTripId,1674992108552439375,1674992108555356055,2916
a5483770180aa8ba03d4b689ebfd5621,a648ad39ada11ff0,beee75e7537da632,ts-order-service-5b67c48447-mv5hb,OrderController.getTicketListByDateAndTripId,1674992108793355321,1674992108795877572,2522
a5483770180aa8ba03d4b689ebfd5621,9cbde76f3933be3b,d6b74a85d8784042,ts-order-service-5b67c48447-mv5hb,OrderRepository.findByTravelDateAndTrainNumber,1674992108553165590,1674992108554831710,1666
a5483770180aa8ba03d4b689ebfd5621,f27562050f1d7558,a648ad39ada11ff0,ts-order-service-5b67c48447-mv5hb,OrderRepository.findByTravelDateAndTrainNumber,1674992108793902388,1674992108795442246,1539
a5483770180aa8ba03d4b689ebfd5621,3ac9745082d50a77,9cbde76f3933be3b,ts-order-service-5b67c48447-mv5hb,SELECT Order,1674992108553259382,1674992108554820363,1560
a5483770180aa8ba03d4b689ebfd5621,ca1c63ed8a0bfc7f,f27562050f1d7558,ts-order-service-5b67c48447-mv5hb,SELECT Order,1674992108793969847,1674992108795433301,1463
a5483770180aa8ba03d4b689ebfd5621,54043c8379fd2ce2,3ac9745082d50a77,ts-order-service-5b67c48447-mv5hb,SELECT ts.orders,1674992108553858164,1674992108554805560,947
a5483770180aa8ba03d4b689ebfd5621,056fdc37ab67676c,ca1c63ed8a0bfc7f,ts-order-service-5b67c48447-mv5hb,SELECT ts.orders,1674992108794596348,1674992108795419922,823
a5483770180aa8ba03d4b689ebfd5621,74793575d684e9d6,be8084a385690c92,ts-config-service-5fcd447d84-wxwjd,/api/v1/configservice/configs/{configName},1674992108780000000,1674992108783117603,3117
a5483770180aa8ba03d4b689ebfd5621,827c88dbac803ce0,e7d8835067b720be,ts-config-service-5fcd447d84-wxwjd,/api/v1/configservice/configs/{configName},1674992108799000000,1674992108800888047,1888
a5483770180aa8ba03d4b689ebfd5621,67c9b662766dd5c9,e70b367d1171d1ef,ts-config-service-5fcd447d84-wxwjd,/api/v1/configservice/configs/{configName},1674992109265000000,1674992109267450273,2450
a5483770180aa8ba03d4b689ebfd5621,70b3702b1ed13cd8,3f9e1a3a23a54d6c,ts-config-service-5fcd447d84-wxwjd,/api/v1/configservice/configs/{configName},1674992109505000000,1674992109507180578,2180
a5483770180aa8ba03d4b689ebfd5621,a3a10e40df6d4347,0a8e3148a0a8db3c,ts-config-service-5fcd447d84-wxwjd,/api/v1/configservice/configs/{configName},1674992109537000000,1674992109538713830,1713
a5483770180aa8ba03d4b689ebfd5621,8cd03b9e6c37ae3e,e6201e6916931776,ts-config-service-5fcd447d84-wxwjd,/api/v1/configservice/configs/{configName},1674992109553000000,1674992109554453251,1453
a5483770180aa8ba03d4b689ebfd5621,14b242197a6b726a,74793575d684e9d6,ts-config-service-5fcd447d84-wxwjd,ConfigController.retrieve,1674992108780545377,1674992108782967295,2421
a5483770180aa8ba03d4b689ebfd5621,50d98e8c1ecdfb7f,827c88dbac803ce0,ts-config-service-5fcd447d84-wxwjd,ConfigController.retrieve,1674992108799301944,1674992108800811040,1509
a5483770180aa8ba03d4b689ebfd5621,8d093c078cf6ee32,67c9b662766dd5c9,ts-config-service-5fcd447d84-wxwjd,ConfigController.retrieve,1674992109265462373,1674992109267296266,1833
a5483770180aa8ba03d4b689ebfd5621,eb63d55b782f3f73,70b3702b1ed13cd8,ts-config-service-5fcd447d84-wxwjd,ConfigController.retrieve,1674992109505418529,1674992109507032438,1613
a5483770180aa8ba03d4b689ebfd5621,70b2bdd3fcdfdf39,a3a10e40df6d4347,ts-config-service-5fcd447d84-wxwjd,ConfigController.retrieve,1674992109537273381,1674992109538613716,1340
a5483770180aa8ba03d4b689ebfd5621,a14b904e855e0edc,8cd03b9e6c37ae3e,ts-config-service-5fcd447d84-wxwjd,ConfigController.retrieve,1674992109553237041,1674992109554375948,1138
a5483770180aa8ba03d4b689ebfd5621,dd89110d08f18c25,14b242197a6b726a,ts-config-service-5fcd447d84-wxwjd,ConfigRepository.findByName,1674992108781116718,1674992108782469538,1352
a5483770180aa8ba03d4b689ebfd5621,d295966133a25d52,50d98e8c1ecdfb7f,ts-config-service-5fcd447d84-wxwjd,ConfigRepository.findByName,1674992108799626460,1674992108800484683,858
a5483770180aa8ba03d4b689ebfd5621,165cd535911a1871,8d093c078cf6ee32,ts-config-service-5fcd447d84-wxwjd,ConfigRepository.findByName,1674992109265973464,1674992109266817180,843
a5483770180aa8ba03d4b689ebfd5621,8515347c999717e9,eb63d55b782f3f73,ts-config-service-5fcd447d84-wxwjd,ConfigRepository.findByName,1674992109505843005,1674992109506625879,782
a5483770180aa8ba03d4b689ebfd5621,35f311af155eb822,70b2bdd3fcdfdf39,ts-config-service-5fcd447d84-wxwjd,ConfigRepository.findByName,1674992109537511042,1674992109538260265,749
a5483770180aa8ba03d4b689ebfd5621,dcaaaaa9456b8163,a14b904e855e0edc,ts-config-service-5fcd447d84-wxwjd,ConfigRepository.findByName,1674992109553531198,1674992109554051621,520
a5483770180aa8ba03d4b689ebfd5621,98efc6202338e0ed,dd89110d08f18c25,ts-config-service-5fcd447d84-wxwjd,SELECT Config,1674992108781213232,1674992108782464885,1251
a5483770180aa8ba03d4b689ebfd5621,32e3aec90d557bb4,d295966133a25d52,ts-config-service-5fcd447d84-wxwjd,SELECT Config,1674992108799667915,1674992108800481918,814
a5483770180aa8ba03d4b689ebfd5621,14d058f43e4f63e5,165cd535911a1871,ts-config-service-5fcd447d84-wxwjd,SELECT Config,1674992109266055070,1674992109266812872,757
a5483770180aa8ba03d4b689ebfd5621,7f21af291597324b,8515347c999717e9,ts-config-service-5fcd447d84-wxwjd,SELECT Config,1674992109505917925,1674992109506621910,703
a5483770180aa8ba03d4b689ebfd5621,264a1b494a3b6a89,35f311af155eb822,ts-config-service-5fcd447d84-wxwjd,SELECT Config,1674992109537558578,1674992109538257300,698
a5483770180aa8ba03d4b689ebfd5621,dc3a472e516873c6,dcaaaaa9456b8163,ts-config-service-5fcd447d84-wxwjd,SELECT Config,1674992109553569346,1674992109554048763,479
a5483770180aa8ba03d4b689ebfd5621,eb8ff5a256fb4b7f,98efc6202338e0ed,ts-config-service-5fcd447d84-wxwjd,SELECT ts.config,1674992108781952439,1674992108782417948,465
a5483770180aa8ba03d4b689ebfd5621,8b6dbea6ab64293b,32e3aec90d557bb4,ts-config-service-5fcd447d84-wxwjd,SELECT ts.config,1674992108800094586,1674992108800457098,362
a5483770180aa8ba03d4b689ebfd5621,fd6fe6569038f2e0,14d058f43e4f63e5,ts-config-service-5fcd447d84-wxwjd,SELECT ts.config,1674992109266131890,1674992109266753455,621
a5483770180aa8ba03d4b689ebfd5621,45303f301bccc167,7f21af291597324b,ts-config-service-5fcd447d84-wxwjd,SELECT ts.config,1674992109505990074,1674992109506581232,591
a5483770180aa8ba03d4b689ebfd5621,7152c013c96ad394,264a1b494a3b6a89,ts-config-service-5fcd447d84-wxwjd,SELECT ts.config,1674992109537612008,1674992109538227645,615
a5483770180aa8ba03d4b689ebfd5621,e725482a28726092,dc3a472e516873c6,ts-config-service-5fcd447d84-wxwjd,SELECT ts.config,1674992109553612784,1674992109554022980,410
a5483770180aa8ba03d4b689ebfd5621,1d46ce7ae8b269f3,4048aa567d51f008,ts-order-service-5b67c48447-mv5hb,/api/v1/orderservice/order/tickets,1674992109031000000,1674992109033829842,2829
a5483770180aa8ba03d4b689ebfd5621,76fb2b7c150aaafe,c1c204e8f825792a,ts-order-service-5b67c48447-mv5hb,/api/v1/orderservice/order/tickets,1674992109276000000,1674992109278567820,2567
a5483770180aa8ba03d4b689ebfd5621,c7151df86e4be576,0c2a7ebc551e38e1,ts-order-service-5b67c48447-mv5hb,/api/v1/orderservice/order/tickets,1674992109531000000,1674992109534180919,3180
a5483770180aa8ba03d4b689ebfd5621,faddb11d4acb63a6,16a8769511bc7a2c,ts-order-service-5b67c48447-mv5hb,/api/v1/orderservice/order/tickets,1674992109547000000,1674992109549814712,2814
a5483770180aa8ba03d4b689ebfd5621,1b1db6f385c2a802,1d46ce7ae8b269f3,ts-order-service-5b67c48447-mv5hb,OrderController.getTicketListByDateAndTripId,1674992109031362898,1674992109033676909,2314
a5483770180aa8ba03d4b689ebfd5621,5fff4dc2d971bb52,76fb2b7c150aaafe,ts-order-service-5b67c48447-mv5hb,OrderController.getTicketListByDateAndTripId,1674992109276384242,1674992109278447198,2062
a5483770180aa8ba03d4b689ebfd5621,029e3d212f101927,c7151df86e4be576,ts-order-service-5b67c48447-mv5hb,OrderController.getTicketListByDateAndTripId,1674992109531425517,1674992109534002630,2577
a5483770180aa8ba03d4b689ebfd5621,bfa0186bfffc3beb,faddb11d4acb63a6,ts-order-service-5b67c48447-mv5hb,OrderController.getTicketListByDateAndTripId,1674992109547328638,1674992109549707012,2378
a5483770180aa8ba03d4b689ebfd5621,cdaf341b820536cf,1b1db6f385c2a802,ts-order-service-5b67c48447-mv5hb,OrderRepository.findByTravelDateAndTrainNumber,1674992109031871968,1674992109033251214,1379
a5483770180aa8ba03d4b689ebfd5621,87086b705aaf1f09,5fff4dc2d971bb52,ts-order-service-5b67c48447-mv5hb,OrderRepository.findByTravelDateAndTrainNumber,1674992109276895199,1674992109278027566,1132
a5483770180aa8ba03d4b689ebfd5621,00ba3230739b485e,029e3d212f101927,ts-order-service-5b67c48447-mv5hb,OrderRepository.findByTravelDateAndTrainNumber,1674992109532029896,1674992109533267028,1237
a5483770180aa8ba03d4b689ebfd5621,18b0b4847bcf78c2,bfa0186bfffc3beb,ts-order-service-5b67c48447-mv5hb,OrderRepository.findByTravelDateAndTrainNumber,1674992109547770777,1674992109549327929,1557
a5483770180aa8ba03d4b689ebfd5621,e5895359f8ce60a6,cdaf341b820536cf,ts-order-service-5b67c48447-mv5hb,SELECT Order,1674992109031934802,1674992109033242204,1307
a5483770180aa8ba03d4b689ebfd5621,9a2fc9cde5adadb9,87086b705aaf1f09,ts-order-service-5b67c48447-mv5hb,SELECT Order,1674992109276951794,1674992109278018529,1066
a5483770180aa8ba03d4b689ebfd5621,74f21be2af2c13ab,00ba3230739b485e,ts-order-service-5b67c48447-mv5hb,SELECT Order,1674992109532109833,1674992109533254979,1145
a5483770180aa8ba03d4b689ebfd5621,f46c1423d3780c88,18b0b4847bcf78c2,ts-order-service-5b67c48447-mv5hb,SELECT Order,1674992109547821571,1674992109549320934,1499
a5483770180aa8ba03d4b689ebfd5621,cdc9629d1907e4fa,e5895359f8ce60a6,ts-order-service-5b67c48447-mv5hb,SELECT ts.orders,1674992109032012123,1674992109033229499,1217
a5483770180aa8ba03d4b689ebfd5621,b69c14a9323b8446,9a2fc9cde5adadb9,ts-order-service-5b67c48447-mv5hb,SELECT ts.orders,1674992109277024849,1674992109278005386,980
a5483770180aa8ba03d4b689ebfd5621,e2dda549ab65779a,74f21be2af2c13ab,ts-order-service-5b67c48447-mv5hb,SELECT ts.orders,1674992109532221659,1674992109533237880,1016
a5483770180aa8ba03d4b689ebfd5621,4cf42c83cecfddf0,f46c1423d3780c88,ts-order-service-5b67c48447-mv5hb,SELECT ts.orders,1674992109548424136,1674992109549303550,879
1d90a83da3ba589ace5b4d14b8c99f20,789591e1921d9905,root,ts-gateway-service-6f6cfc45b-h5m2n,/*,1674992152687000000,1674992153132308094,445308
1d90a83da3ba589ace5b4d14b8c99f20,01abfda0dfdca8a1,789591e1921d9905,ts-gateway-service-6f6cfc45b-h5m2n,FilteringWebHandler.handle,1674992152687586951,1674992153132097771,444510
1d90a83da3ba589ace5b4d14b8c99f20,27706de3d415af37,789591e1921d9905,ts-gateway-service-6f6cfc45b-h5m2n,HTTP POST,1674992152688378244,1674992153132256031,443877
1d90a83da3ba589ace5b4d14b8c99f20,073a7b6e233a9732,27706de3d415af37,ts-preserve-service-b5ccf8557-j4txs,/api/v1/preserveservice/preserve,1674992152691000000,1674992153131416163,440416
1d90a83da3ba589ace5b4d14b8c99f20,45d1bc4bb0305122,073a7b6e233a9732,ts-preserve-service-b5ccf8557-j4txs,PreserveController.preserve,1674992152692079021,1674992153130954633,438875
1d90a83da3ba589ace5b4d14b8c99f20,db5d2c4e90512089,45d1bc4bb0305122,ts-preserve-service-b5ccf8557-j4txs,HTTP GET,1674992152693062415,1674992152739085311,46022
1d90a83da3ba589ace5b4d14b8c99f20,580eb12e2c7fd8b5,45d1bc4bb0305122,ts-preserve-service-b5ccf8557-j4txs,HTTP GET,1674992152740170139,1674992152752491109,12320
1d90a83da3ba589ace5b4d14b8c99f20,bdde50fae560ab14,45d1bc4bb0305122,ts-preserve-service-b5ccf8557-j4txs,HTTP POST,1674992152753662619,1674992152939539199,185876
1d90a83da3ba589ace5b4d14b8c99f20,cd203fb9e6f159df,45d1bc4bb0305122,ts-preserve-service-b5ccf8557-j4txs,HTTP POST,1674992152940526621,1674992152977764699,37238
1d90a83da3ba589ace5b4d14b8c99f20,298e50dd05b83975,45d1bc4bb0305122,ts-preserve-service-b5ccf8557-j4txs,HTTP POST,1674992152978519175,1674992153074369144,95849
1d90a83da3ba589ace5b4d14b8c99f20,a66af51a14402ccd,45d1bc4bb0305122,ts-preserve-service-b5ccf8557-j4txs,HTTP POST,1674992153075578534,1674992153099616041,24037
1d90a83da3ba589ace5b4d14b8c99f20,e5de490a772f4497,45d1bc4bb0305122,ts-preserve-service-b5ccf8557-j4txs,HTTP GET,1674992153100475700,1674992153118814187,18338
1d90a83da3ba589ace5b4d14b8c99f20,2425da4f07ba6775,45d1bc4bb0305122,ts-preserve-service-b5ccf8557-j4txs,HTTP GET,1674992153120499996,1674992153130463871,9963
1d90a83da3ba589ace5b4d14b8c99f20,9459534d9f97e11d,db5d2c4e90512089,ts-security-service-cb9788d56-mrzv2,/api/v1/securityservice/securityConfigs/{accountId},1674992152695000000,1674992152738924749,43924
1d90a83da3ba589ace5b4d14b8c99f20,295d6e05498b8785,9459534d9f97e11d,ts-security-service-cb9788d56-mrzv2,SecurityController.check,1674992152696156646,1674992152738459525,42302
1d90a83da3ba589ace5b4d14b8c99f20,b4669a1d1a477ac1,295d6e05498b8785,ts-security-service-cb9788d56-mrzv2,HTTP GET,1674992152696952097,1674992152722154525,25202
1d90a83da3ba589ace5b4d14b8c99f20,c56fe2b2c2541052,295d6e05498b8785,ts-security-service-cb9788d56-mrzv2,HTTP GET,1674992152722770925,1674992152735465283,12694
1d90a83da3ba589ace5b4d14b8c99f20,121d9cc87ebdfc82,b4669a1d1a477ac1,ts-order-service-5b67c48447-mv5hb,/api/v1/orderservice/order/security/{checkDate}/{accountId},1674992152699000000,1674992152721221106,22221
1d90a83da3ba589ace5b4d14b8c99f20,712e65163f646b7a,746963a7f1d1833d,ts-order-service-5b67c48447-mv5hb,/api/v1/orderservice/order/tickets,1674992152802000000,1674992152817895313,15895
1d90a83da3ba589ace5b4d14b8c99f20,ee63edaad96c6a5c,b29a3d868ddb2346,ts-order-service-5b67c48447-mv5hb,/api/v1/orderservice/order/tickets,1674992152888000000,1674992152903356263,15356
1d90a83da3ba589ace5b4d14b8c99f20,78efc4b4d625220b,0fb81620774f3442,ts-order-service-5b67c48447-mv5hb,/api/v1/orderservice/order/tickets,1674992152985000000,1674992153000704864,15704
1d90a83da3ba589ace5b4d14b8c99f20,e6492540804fd121,a66af51a14402ccd,ts-order-service-5b67c48447-mv5hb,/api/v1/orderservice/order,1674992153078000000,1674992153099576671,21576
1d90a83da3ba589ace5b4d14b8c99f20,53df39e9868c317c,121d9cc87ebdfc82,ts-order-service-5b67c48447-mv5hb,OrderController.securityInfoCheck,1674992152699432019,1674992152720975131,21543
1d90a83da3ba589ace5b4d14b8c99f20,d56e713f67aade16,712e65163f646b7a,ts-order-service-5b67c48447-mv5hb,OrderController.getTicketListByDateAndTripId,1674992152802347672,1674992152817649098,15301
1d90a83da3ba589ace5b4d14b8c99f20,10233961959092f4,ee63edaad96c6a5c,ts-order-service-5b67c48447-mv5hb,OrderController.getTicketListByDateAndTripId,1674992152888347090,1674992152903116861,14769
1d90a83da3ba589ace5b4d14b8c99f20,4d1a897cf95c4702,78efc4b4d625220b,ts-order-service-5b67c48447-mv5hb,OrderController.getTicketListByDateAndTripId,1674992152985393595,1674992153000457449,15063
1d90a83da3ba589ace5b4d14b8c99f20,037ac7fc8095d5ae,e6492540804fd121,ts-order-service-5b67c48447-mv5hb,OrderController.createNewOrder,1674992153078667093,1674992153099213123,20546
1d90a83da3ba589ace5b4d14b8c99f20,2b2799e5a22e7225,53df39e9868c317c,ts-order-service-5b67c48447-mv5hb,OrderRepository.findByAccountId,1674992152699841862,1674992152719109233,19267
1d90a83da3ba589ace5b4d14b8c99f20,840d89f89615ee5f,d56e713f67aade16,ts-order-service-5b67c48447-mv5hb,OrderRepository.findByTravelDateAndTrainNumber,1674992152802835539,1674992152815948310,13112
1d90a83da3ba589ace5b4d14b8c99f20,fd01b51ebbdb840e,10233961959092f4,ts-order-service-5b67c48447-mv5hb,OrderRepository.findByTravelDateAndTrainNumber,1674992152888834841,1674992152901724401,12889
1d90a83da3ba589ace5b4d14b8c99f20,6c1065880907a823,4d1a897cf95c4702,ts-order-service-5b67c48447-mv5hb,OrderRepository.findByTravelDateAndTrainNumber,1674992152985964073,1674992152999017470,13053
1d90a83da3ba589ace5b4d14b8c99f20,5f9a4acb6387c96e,037ac7fc8095d5ae,ts-order-service-5b67c48447-mv5hb,OrderRepository.findByAccountId,1674992153079375711,1674992153092934226,13558
1d90a83da3ba589ace5b4d14b8c99f20,737b252cb6c06336,037ac7fc8095d5ae,ts-order-service-5b67c48447-mv5hb,OrderRepository.save,1674992153092990662,1674992153098700254,5709
1d90a83da3ba589ace5b4d14b8c99f20,c27b66a60dc33861,2b2799e5a22e7225,ts-order-service-5b67c48447-mv5hb,SELECT Order,1674992152699898826,1674992152719095567,19196
1d90a83da3ba589ace5b4d14b8c99f20,cd38adc43fe9c934,840d89f89615ee5f,ts-order-service-5b67c48447-mv5hb,SELECT Order,1674992152802894534,1674992152815932828,13038
1d90a83da3ba589ace5b4d14b8c99f20,953a46efe22a7b47,fd01b51ebbdb840e,ts-order-service-5b67c48447-mv5hb,SELECT Order,1674992152888893520,1674992152901710358,12816
1d90a83da3ba589ace5b4d14b8c99f20,09da2e75620c41b2,6c1065880907a823,ts-order-service-5b67c48447-mv5hb,SELECT Order,1674992152986034867,1674992152999004631,12969
1d90a83da3ba589ace5b4d14b8c99f20,89df423c5482e8fb,5f9a4acb6387c96e,ts-order-service-5b67c48447-mv5hb,SELECT Order,1674992153079441255,1674992153092919862,13478
1d90a83da3ba589ace5b4d14b8c99f20,9777c5ec6abf8580,737b252cb6c06336,ts-order-service-5b67c48447-mv5hb,Session.merge order.entity.Order,1674992153093479368,1674992153094318362,838
1d90a83da3ba589ace5b4d14b8c99f20,2986cd3742f6a148,737b252cb6c06336,ts-order-service-5b67c48447-mv5hb,Transaction.commit,1674992153094333448,1674992153098680837,4347
1d90a83da3ba589ace5b4d14b8c99f20,a640c75b6f64b19e,c27b66a60dc33861,ts-order-service-5b67c48447-mv5hb,SELECT ts.orders,1674992152699962808,1674992152707404308,7441
1d90a83da3ba589ace5b4d14b8c99f20,7e1af45440b7d34c,cd38adc43fe9c934,ts-order-service-5b67c48447-mv5hb,SELECT ts.orders,1674992152802976601,1674992152810333095,7356
1d90a83da3ba589ace5b4d14b8c99f20,c15ee0744228f116,953a46efe22a7b47,ts-order-service-5b67c48447-mv5hb,SELECT ts.orders,1674992152888973378,1674992152896343758,7370
1d90a83da3ba589ace5b4d14b8c99f20,ee7b3d3f928dee9d,09da2e75620c41b2,ts-order-service-5b67c48447-mv5hb,SELECT ts.orders,1674992152986605439,1674992152993865969,7260
1d90a83da3ba589ace5b4d14b8c99f20,5107943a58a8d0d8,89df423c5482e8fb,ts-order-service-5b67c48447-mv5hb,SELECT ts.orders,1674992153079523176,1674992153086901865,7378
1d90a83da3ba589ace5b4d14b8c99f20,2722bbe9a0be4e9c,9777c5ec6abf8580,ts-order-service-5b67c48447-mv5hb,SELECT ts.orders,1674992153093572073,1674992153094069073,497
1d90a83da3ba589ace5b4d14b8c99f20,256be0bc5616323f,2986cd3742f6a148,ts-order-service-5b67c48447-mv5hb,INSERT ts.orders,1674992153095149166,1674992153097923008,2773
1d90a83da3ba589ace5b4d14b8c99f20,f2b280ad941d9c4c,c56fe2b2c2541052,ts-order-other-service-6cdbf9b4cc-h7mqk,/api/v1/orderOtherService/orderOther/security/{checkDate}/{accountId},1674992152725000000,1674992152735457358,10457
1d90a83da3ba589ace5b4d14b8c99f20,13b5b573ebd5e696,f2b280ad941d9c4c,ts-order-other-service-6cdbf9b4cc-h7mqk,OrderOtherController.securityInfoCheck,1674992152725504611,1674992152735242162,9737
1d90a83da3ba589ace5b4d14b8c99f20,2f9e0195dcdb1fd7,13b5b573ebd5e696,ts-order-other-service-6cdbf9b4cc-h7mqk,OrderOtherRepository.findByAccountId,1674992152725982523,1674992152734172848,8190
1d90a83da3ba589ace5b4d14b8c99f20,eea488af0f5955ab,2f9e0195dcdb1fd7,ts-order-other-service-6cdbf9b4cc-h7mqk,SELECT Order,1674992152726035196,1674992152734160638,8125
1d90a83da3ba589ace5b4d14b8c99f20,54ba5b728d6ca1ce,eea488af0f5955ab,ts-order-other-service-6cdbf9b4cc-h7mqk,SELECT ts.orders_other,1674992152726514392,1674992152731039585,4525
1d90a83da3ba589ace5b4d14b8c99f20,108dbc17e50fd38e,295d6e05498b8785,ts-security-service-cb9788d56-mrzv2,SecurityRepository.findByName,1674992152735917471,1674992152737208457,1290
1d90a83da3ba589ace5b4d14b8c99f20,3040151595692737,295d6e05498b8785,ts-security-service-cb9788d56-mrzv2,SecurityRepository.findByName,1674992152737226932,1674992152737869732,642
1d90a83da3ba589ace5b4d14b8c99f20,04ac7c51f6f2c261,108dbc17e50fd38e,ts-security-service-cb9788d56-mrzv2,SELECT SecurityConfig,1674992152736034628,1674992152737201049,1166
1d90a83da3ba589ace5b4d14b8c99f20,b09bde7ef192ef0c,3040151595692737,ts-security-service-cb9788d56-mrzv2,SELECT SecurityConfig,1674992152737290337,1674992152737863860,573
1d90a83da3ba589ace5b4d14b8c99f20,a55963393f1da9d0,04ac7c51f6f2c261,ts-security-service-cb9788d56-mrzv2,SELECT ts.security_config,1674992152736529603,1674992152736932303,402
1d90a83da3ba589ace5b4d14b8c99f20,a89a056a847e4397,b09bde7ef192ef0c,ts-security-service-cb9788d56-mrzv2,SELECT ts.security_config,1674992152737357741,1674992152737708250,350
1d90a83da3ba589ace5b4d14b8c99f20,7977e22062d95aa9,580eb12e2c7fd8b5,ts-contacts-service-866bd68c97-xcqfx,/api/v1/contactservice/contacts/{id},1674992152743000000,1674992152752314287,9314
1d90a83da3ba589ace5b4d14b8c99f20,b00a6458fa835d5d,7977e22062d95aa9,ts-contacts-service-866bd68c97-xcqfx,ContactsController.getContactsByContactsId,1674992152744303092,1674992152751684115,7381
1d90a83da3ba589ace5b4d14b8c99f20,73081e3d90c22b93,b00a6458fa835d5d,ts-contacts-service-866bd68c97-xcqfx,ContactsRepository.findById,1674992152745816355,1674992152750721660,4905
1d90a83da3ba589ace5b4d14b8c99f20,7f138eed67a2384e,73081e3d90c22b93,ts-contacts-service-866bd68c97-xcqfx,Session.find contacts.entity.Contacts,1674992152747370231,1674992152748808036,1437
1d90a83da3ba589ace5b4d14b8c99f20,fe6aab9430115d22,73081e3d90c22b93,ts-contacts-service-866bd68c97-xcqfx,Transaction.commit,1674992152748841598,1674992152750028725,1187
1d90a83da3ba589ace5b4d14b8c99f20,eb4f0f2fbd11bef4,7f138eed67a2384e,ts-contacts-service-866bd68c97-xcqfx,SELECT ts.contacts,1674992152747573692,1674992152748325106,751
1d90a83da3ba589ace5b4d14b8c99f20,0c0c7d314b2785d1,bdde50fae560ab14,ts-travel-service-64469b5b48-25zj6,/api/v1/travelservice/trip_detail,1674992152755000000,1674992152938656411,183656
1d90a83da3ba589ace5b4d14b8c99f20,35bb213bf9bfd5d6,0c0c7d314b2785d1,ts-travel-service-64469b5b48-25zj6,TravelController.getTripAllDetailInfo,1674992152755686600,1674992152938257684,182571
1d90a83da3ba589ace5b4d14b8c99f20,80976da24f14b9c3,35bb213bf9bfd5d6,ts-travel-service-64469b5b48-25zj6,TripRepository.findByTripId,1674992152756207997,1674992152757035679,827
1d90a83da3ba589ace5b4d14b8c99f20,feb97c304dc78d8c,35bb213bf9bfd5d6,ts-travel-service-64469b5b48-25zj6,TripRepository.findByTripId,1674992152937146048,1674992152937956302,810
1d90a83da3ba589ace5b4d14b8c99f20,63496532d648b79c,80976da24f14b9c3,ts-travel-service-64469b5b48-25zj6,SELECT Trip,1674992152756313800,1674992152757030160,716
1d90a83da3ba589ace5b4d14b8c99f20,6a8772091170f920,feb97c304dc78d8c,ts-travel-service-64469b5b48-25zj6,SELECT Trip,1674992152937261989,1674992152937951106,689
1d90a83da3ba589ace5b4d14b8c99f20,98ce6164f7be7345,63496532d648b79c,ts-travel-service-64469b5b48-25zj6,SELECT ts.trip,1674992152756449815,1674992152756957800,507
1d90a83da3ba589ace5b4d14b8c99f20,56a1272aafe45e75,6a8772091170f920,ts-travel-service-64469b5b48-25zj6,SELECT ts.trip,1674992152937391492,1674992152937905431,513
1d90a83da3ba589ace5b4d14b8c99f20,f71f32b558084874,35bb213bf9bfd5d6,ts-travel-service-64469b5b48-25zj6,HTTP POST,1674992152757818568,1674992152795291593,37473
1d90a83da3ba589ace5b4d14b8c99f20,8a431b809ddfdd7c,35bb213bf9bfd5d6,ts-travel-service-64469b5b48-25zj6,HTTP POST,1674992152796199845,1674992152882385423,86185
1d90a83da3ba589ace5b4d14b8c99f20,763e061127492836,35bb213bf9bfd5d6,ts-travel-service-64469b5b48-25zj6,HTTP POST,1674992152883072246,1674992152936255880,53183
1d90a83da3ba589ace5b4d14b8c99f20,0eeae79133130612,f71f32b558084874,ts-basic-service-5dc8d4f9fd-46997,/api/v1/basicservice/basic/travel,1674992152760000000,1674992152795735848,35735
1d90a83da3ba589ace5b4d14b8c99f20,d149b857837e606e,cd203fb9e6f159df,ts-basic-service-5dc8d4f9fd-46997,/api/v1/basicservice/basic/travel,1674992152943000000,1674992152977523597,34523
1d90a83da3ba589ace5b4d14b8c99f20,017fe9fcb914fc1e,0eeae79133130612,ts-basic-service-5dc8d4f9fd-46997,BasicController.queryForTravel,1674992152760357790,1674992152795614577,35256
1d90a83da3ba589ace5b4d14b8c99f20,6bb21097ca233685,d149b857837e606e,ts-basic-service-5dc8d4f9fd-46997,BasicController.queryForTravel,1674992152943774042,1674992152977222412,33448
1d90a83da3ba589ace5b4d14b8c99f20,9100ddcee27f5e15,017fe9fcb914fc1e,ts-basic-service-5dc8d4f9fd-46997,HTTP GET,1674992152761248370,1674992152764997896,3749
1d90a83da3ba589ace5b4d14b8c99f20,a8dfa0d10c0624ae,017fe9fcb914fc1e,ts-basic-service-5dc8d4f9fd-46997,HTTP GET,1674992152765524259,1674992152767698141,2173
1d90a83da3ba589ace5b4d14b8c99f20,6c13e4fb108d2a56,017fe9fcb914fc1e,ts-basic-service-5dc8d4f9fd-46997,HTTP GET,1674992152768156818,1674992152774032070,5875
1d90a83da3ba589ace5b4d14b8c99f20,3842666f6e1f23e9,017fe9fcb914fc1e,ts-basic-service-5dc8d4f9fd-46997,HTTP GET,1674992152774685429,1674992152787271046,12585
1d90a83da3ba589ace5b4d14b8c99f20,61a3ed69219f3e78,017fe9fcb914fc1e,ts-basic-service-5dc8d4f9fd-46997,HTTP GET,1674992152788619008,1674992152794482576,5863
1d90a83da3ba589ace5b4d14b8c99f20,5ac0a3714872cb85,6bb21097ca233685,ts-basic-service-5dc8d4f9fd-46997,HTTP GET,1674992152944764826,1674992152948561769,3796
1d90a83da3ba589ace5b4d14b8c99f20,8f3cff70ae29a346,6bb21097ca233685,ts-basic-service-5dc8d4f9fd-46997,HTTP GET,1674992152949010323,1674992152951285865,2275
1d90a83da3ba589ace5b4d14b8c99f20,4154a1feeaddc542,6bb21097ca233685,ts-basic-service-5dc8d4f9fd-46997,HTTP GET,1674992152951750861,1674992152957309829,5558
1d90a83da3ba589ace5b4d14b8c99f20,fdefdd2f3b11fc39,6bb21097ca233685,ts-basic-service-5dc8d4f9fd-46997,HTTP GET,1674992152958044733,1674992152968888013,10843
1d90a83da3ba589ace5b4d14b8c99f20,fad4656d284a387c,6bb21097ca233685,ts-basic-service-5dc8d4f9fd-46997,HTTP GET,1674992152970118975,1674992152975987630,5868
1d90a83da3ba589ace5b4d14b8c99f20,e036c6819aa48c2c,9100ddcee27f5e15,ts-station-service-7f4f5f6f77-5qb6j,/api/v1/stationservice/stations/id/{stationNameForId},1674992152762000000,1674992152764681641,2681
1d90a83da3ba589ace5b4d14b8c99f20,c1f975d4d1f14989,a8dfa0d10c0624ae,ts-station-service-7f4f5f6f77-5qb6j,/api/v1/stationservice/stations/id/{stationNameForId},1674992152766000000,1674992152767450991,1450
1d90a83da3ba589ace5b4d14b8c99f20,36ad71210642b0cb,5ac0a3714872cb85,ts-station-service-7f4f5f6f77-5qb6j,/api/v1/stationservice/stations/id/{stationNameForId},1674992152946000000,1674992152948237080,2237
1d90a83da3ba589ace5b4d14b8c99f20,41528201907d6015,8f3cff70ae29a346,ts-station-service-7f4f5f6f77-5qb6j,/api/v1/stationservice/stations/id/{stationNameForId},1674992152949000000,1674992152950534139,1534
1d90a83da3ba589ace5b4d14b8c99f20,8222fa80e7239177,e036c6819aa48c2c,ts-station-service-7f4f5f6f77-5qb6j,StationController.queryForStationId,1674992152762506976,1674992152764540963,2033
1d90a83da3ba589ace5b4d14b8c99f20,a5686db7361b2cad,c1f975d4d1f14989,ts-station-service-7f4f5f6f77-5qb6j,StationController.queryForStationId,1674992152766314918,1674992152767359526,1044
1d90a83da3ba589ace5b4d14b8c99f20,5acb7f0c0f080a99,36ad71210642b0cb,ts-station-service-7f4f5f6f77-5qb6j,StationController.queryForStationId,1674992152946482388,1674992152948096298,1613
1d90a83da3ba589ace5b4d14b8c99f20,83b275e5a59af417,41528201907d6015,ts-station-service-7f4f5f6f77-5qb6j,StationController.queryForStationId,1674992152949316076,1674992152950426755,1110
1d90a83da3ba589ace5b4d14b8c99f20,91c90b9c174434db,8222fa80e7239177,ts-station-service-7f4f5f6f77-5qb6j,StationRepository.findByName,1674992152762931709,1674992152764315277,1383
1d90a83da3ba589ace5b4d14b8c99f20,94d809cbd117e9cb,a5686db7361b2cad,ts-station-service-7f4f5f6f77-5qb6j,StationRepository.findByName,1674992152766613603,1674992152767223874,610
1d90a83da3ba589ace5b4d14b8c99f20,da6bf8dd081f8cd9,5acb7f0c0f080a99,ts-station-service-7f4f5f6f77-5qb6j,StationRepository.findByName,1674992152946918463,1674992152947874006,955
1d90a83da3ba589ace5b4d14b8c99f20,df769bfc411fd1a5,83b275e5a59af417,ts-station-service-7f4f5f6f77-5qb6j,StationRepository.findByName,1674992152949609619,1674992152950274062,664
1d90a83da3ba589ace5b4d14b8c99f20,959675e88c69a602,91c90b9c174434db,ts-station-service-7f4f5f6f77-5qb6j,SELECT Station,1674992152763016909,1674992152764309348,1292
1d90a83da3ba589ace5b4d14b8c99f20,95b706b48a5c4c93,94d809cbd117e9cb,ts-station-service-7f4f5f6f77-5qb6j,SELECT Station,1674992152766663072,1674992152767220762,557
1d90a83da3ba589ace5b4d14b8c99f20,99d7d73bb8d6d560,da6bf8dd081f8cd9,ts-station-service-7f4f5f6f77-5qb6j,SELECT Station,1674992152947002465,1674992152947866841,864
1d90a83da3ba589ace5b4d14b8c99f20,15dd1085eae3c34a,df769bfc411fd1a5,ts-station-service-7f4f5f6f77-5qb6j,SELECT Station,1674992152949653921,1674992152950270068,616
1d90a83da3ba589ace5b4d14b8c99f20,6192d5fd1a6a274c,959675e88c69a602,ts-station-service-7f4f5f6f77-5qb6j,SELECT ts.station,1674992152763456471,1674992152764236421,779
1d90a83da3ba589ace5b4d14b8c99f20,37437a6cc30d9a4a,95b706b48a5c4c93,ts-station-service-7f4f5f6f77-5qb6j,SELECT ts.station,1674992152766711440,1674992152767187305,475
1d90a83da3ba589ace5b4d14b8c99f20,fa43b4c42328ea20,99d7d73bb8d6d560,ts-station-service-7f4f5f6f77-5qb6j,SELECT ts.station,1674992152947087029,1674992152947796106,709
1d90a83da3ba589ace5b4d14b8c99f20,495ae2371a68e90a,15dd1085eae3c34a,ts-station-service-7f4f5f6f77-5qb6j,SELECT ts.station,1674992152949709529,1674992152950233370,523
1d90a83da3ba589ace5b4d14b8c99f20,f633fca2f358b70c,6c13e4fb108d2a56,ts-train-service-86f5f97bc9-dkqmf,/api/v1/trainservice/trains/byName/{name},1674992152769000000,1674992152773097570,4097
1d90a83da3ba589ace5b4d14b8c99f20,b1111d4a89caef38,4154a1feeaddc542,ts-train-service-86f5f97bc9-dkqmf,/api/v1/trainservice/trains/byName/{name},1674992152953000000,1674992152956953613,3953
1d90a83da3ba589ace5b4d14b8c99f20,23a08f964c41a518,f633fca2f358b70c,ts-train-service-86f5f97bc9-dkqmf,TrainController.retrieveByName,1674992152769937884,1674992152772727650,2789
1d90a83da3ba589ace5b4d14b8c99f20,8f73af76e406e3bb,b1111d4a89caef38,ts-train-service-86f5f97bc9-dkqmf,TrainController.retrieveByName,1674992152954041750,1674992152956622006,2580
1d90a83da3ba589ace5b4d14b8c99f20,ca8dd7c427ece3c9,23a08f964c41a518,ts-train-service-86f5f97bc9-dkqmf,TrainTypeRepository.findByName,1674992152770750004,1674992152772238490,1488
1d90a83da3ba589ace5b4d14b8c99f20,548950cb570e590f,8f73af76e406e3bb,ts-train-service-86f5f97bc9-dkqmf,TrainTypeRepository.findByName,1674992152954832727,1674992152956219078,1386
1d90a83da3ba589ace5b4d14b8c99f20,5a74d2e68647254e,ca8dd7c427ece3c9,ts-train-service-86f5f97bc9-dkqmf,SELECT TrainType,1674992152770914654,1674992152772227562,1312
1d90a83da3ba589ace5b4d14b8c99f20,0a672196fbaa785d,548950cb570e590f,ts-train-service-86f5f97bc9-dkqmf,SELECT TrainType,1674992152954996413,1674992152956209390,1212
1d90a83da3ba589ace5b4d14b8c99f20,a3e5d66598c03c7f,5a74d2e68647254e,ts-train-service-86f5f97bc9-dkqmf,SELECT ts.train_type,1674992152771047312,1674992152772125524,1078
1d90a83da3ba589ace5b4d14b8c99f20,761a892d5bdc179c,0a672196fbaa785d,ts-train-service-86f5f97bc9-dkqmf,SELECT ts.train_type,1674992152955125438,1674992152956111208,985
1d90a83da3ba589ace5b4d14b8c99f20,853d1dd34f451baf,3842666f6e1f23e9,ts-route-service-b6c59fb57-zv8dt,/api/v1/routeservice/routes/{routeId},1674992152776000000,1674992152786797010,10797
1d90a83da3ba589ace5b4d14b8c99f20,7ba21eff23af733b,fdefdd2f3b11fc39,ts-route-service-b6c59fb57-zv8dt,/api/v1/routeservice/routes/{routeId},1674992152959000000,1674992152967672615,8672
1d90a83da3ba589ace5b4d14b8c99f20,a5f93968421aaece,853d1dd34f451baf,ts-route-service-b6c59fb57-zv8dt,RouteController.queryById,1674992152777133129,1674992152786384302,9251
1d90a83da3ba589ace5b4d14b8c99f20,c50df5963a23b049,7ba21eff23af733b,ts-route-service-b6c59fb57-zv8dt,RouteController.queryById,1674992152959972644,1674992152967330560,7357
1d90a83da3ba589ace5b4d14b8c99f20,14a7adc41cc24afe,a5f93968421aaece,ts-route-service-b6c59fb57-zv8dt,RouteRepository.findById,1674992152778330848,1674992152783472623,5141
1d90a83da3ba589ace5b4d14b8c99f20,df7c315b00e46c8e,c50df5963a23b049,ts-route-service-b6c59fb57-zv8dt,RouteRepository.findById,1674992152960801705,1674992152965181658,4379
1d90a83da3ba589ace5b4d14b8c99f20,278cbcae0eb41507,14a7adc41cc24afe,ts-route-service-b6c59fb57-zv8dt,Session.find route.entity.Route,1674992152780274845,1674992152781534490,1259
1d90a83da3ba589ace5b4d14b8c99f20,86e2debae96ec68c,14a7adc41cc24afe,ts-route-service-b6c59fb57-zv8dt,Transaction.commit,1674992152781566430,1674992152782842298,1275
1d90a83da3ba589ace5b4d14b8c99f20,9a17e5a4ee363445,df7c315b00e46c8e,ts-route-service-b6c59fb57-zv8dt,Session.find route.entity.Route,1674992152962585874,1674992152963635241,1049
1d90a83da3ba589ace5b4d14b8c99f20,91d448f46d9c7f22,df7c315b00e46c8e,ts-route-service-b6c59fb57-zv8dt,Transaction.commit,1674992152963654658,1674992152964680795,1026
1d90a83da3ba589ace5b4d14b8c99f20,0de2a3bf09c750b2,278cbcae0eb41507,ts-route-service-b6c59fb57-zv8dt,SELECT ts.route,1674992152780470257,1674992152781299336,829
1d90a83da3ba589ace5b4d14b8c99f20,77ea457d72179988,a5f93968421aaece,ts-route-service-b6c59fb57-zv8dt,SELECT ts.route_stations,1674992152783987000,1674992152784848764,861
1d90a83da3ba589ace5b4d14b8c99f20,e33d883ec741b43d,a5f93968421aaece,ts-route-service-b6c59fb57-zv8dt,SELECT ts.route_distances,1674992152785035920,1674992152785993847,957
1d90a83da3ba589ace5b4d14b8c99f20,964c35d04b410ecd,9a17e5a4ee363445,ts-route-service-b6c59fb57-zv8dt,SELECT ts.route,1674992152962718892,1674992152963472064,753
1d90a83da3ba589ace5b4d14b8c99f20,112e8e747ff3141d,c50df5963a23b049,ts-route-service-b6c59fb57-zv8dt,SELECT ts.route_stations,1674992152965506050,1674992152966187848,681
1d90a83da3ba589ace5b4d14b8c99f20,96bd1d07035cffe4,c50df5963a23b049,ts-route-service-b6c59fb57-zv8dt,SELECT ts.route_distances,1674992152966321749,1674992152967067740,745
1d90a83da3ba589ace5b4d14b8c99f20,1f7d3a50353c0e1d,61a3ed69219f3e78,ts-price-service-76846864d9-g465z,/api/v1/priceservice/prices/{routeId}/{trainType},1674992152789000000,1674992152793441484,4441
1d90a83da3ba589ace5b4d14b8c99f20,dc92e1ec0127e819,fad4656d284a387c,ts-price-service-76846864d9-g465z,/api/v1/priceservice/prices/{routeId}/{trainType},1674992152971000000,1674992152975266303,4266
1d90a83da3ba589ace5b4d14b8c99f20,b549cb36b179d4a6,1f7d3a50353c0e1d,ts-price-service-76846864d9-g465z,PriceController.query,1674992152789910249,1674992152793094023,3183
1d90a83da3ba589ace5b4d14b8c99f20,ad3e600bc0b1f098,dc92e1ec0127e819,ts-price-service-76846864d9-g465z,PriceController.query,1674992152971816186,1674992152974977681,3161
1d90a83da3ba589ace5b4d14b8c99f20,8548e860880d7fb2,b549cb36b179d4a6,ts-price-service-76846864d9-g465z,PriceConfigRepository.findByRouteIdAndTrainType,1674992152791121894,1674992152792611448,1489
1d90a83da3ba589ace5b4d14b8c99f20,53f81525f087f04c,ad3e600bc0b1f098,ts-price-service-76846864d9-g465z,PriceConfigRepository.findByRouteIdAndTrainType,1674992152973164397,1674992152974540642,1376
1d90a83da3ba589ace5b4d14b8c99f20,754b0603aa624091,8548e860880d7fb2,ts-price-service-76846864d9-g465z,SELECT PriceConfig,1674992152791310453,1674992152792601252,1290
1d90a83da3ba589ace5b4d14b8c99f20,985b2342b11b0efc,53f81525f087f04c,ts-price-service-76846864d9-g465z,SELECT PriceConfig,1674992152973327008,1674992152974530613,1203
1d90a83da3ba589ace5b4d14b8c99f20,e13ca28b65a050e2,754b0603aa624091,ts-price-service-76846864d9-g465z,SELECT ts.price_config,1674992152791434111,1674992152792468631,1034
1d90a83da3ba589ace5b4d14b8c99f20,ae79c86036b03a8e,985b2342b11b0efc,ts-price-service-76846864d9-g465z,SELECT ts.price_config,1674992152973446963,1674992152974412981,966
1d90a83da3ba589ace5b4d14b8c99f20,e80d4f56b0e28344,8a431b809ddfdd7c,ts-seat-service-5c95b49cff-tdsdz,/api/v1/seatservice/seats/left_tickets,1674992152798000000,1674992152881786268,83786
1d90a83da3ba589ace5b4d14b8c99f20,87951dbf2014567a,763e061127492836,ts-seat-service-5c95b49cff-tdsdz,/api/v1/seatservice/seats/left_tickets,1674992152885000000,1674992152936528268,51528
1d90a83da3ba589ace5b4d14b8c99f20,44ce3abb3ad343c7,298e50dd05b83975,ts-seat-service-5c95b49cff-tdsdz,/api/v1/seatservice/seats,1674992152981000000,1674992153074140646,93140
1d90a83da3ba589ace5b4d14b8c99f20,b054feb77aac8c44,e80d4f56b0e28344,ts-seat-service-5c95b49cff-tdsdz,SeatController.getLeftTicketOfInterval,1674992152798502138,1674992152881578534,83076
1d90a83da3ba589ace5b4d14b8c99f20,386abc6a1541ba51,87951dbf2014567a,ts-seat-service-5c95b49cff-tdsdz,SeatController.getLeftTicketOfInterval,1674992152885493664,1674992152936359575,50865
1d90a83da3ba589ace5b4d14b8c99f20,ba84f74410e1a0e5,44ce3abb3ad343c7,ts-seat-service-5c95b49cff-tdsdz,SeatController.create,1674992152982033807,1674992153073569145,91535
1d90a83da3ba589ace5b4d14b8c99f20,746963a7f1d1833d,b054feb77aac8c44,ts-seat-service-5c95b49cff-tdsdz,HTTP POST,1674992152800358909,1674992152818293109,17934
1d90a83da3ba589ace5b4d14b8c99f20,4cf1533bb3bad8ab,b054feb77aac8c44,ts-seat-service-5c95b49cff-tdsdz,HTTP GET,1674992152876411563,1674992152880402265,3990
1d90a83da3ba589ace5b4d14b8c99f20,b29a3d868ddb2346,386abc6a1541ba51,ts-seat-service-5c95b49cff-tdsdz,HTTP POST,1674992152887062695,1674992152904228659,17165
1d90a83da3ba589ace5b4d14b8c99f20,f124b9c0f0fa7376,386abc6a1541ba51,ts-seat-service-5c95b49cff-tdsdz,HTTP GET,1674992152912578455,1674992152934786704,22208
1d90a83da3ba589ace5b4d14b8c99f20,0fb81620774f3442,ba84f74410e1a0e5,ts-seat-service-5c95b49cff-tdsdz,HTTP POST,1674992152983378056,1674992153000998239,17620
1d90a83da3ba589ace5b4d14b8c99f20,6d1fc8e181956da9,4cf1533bb3bad8ab,ts-config-service-5fcd447d84-wxwjd,/api/v1/configservice/configs/{configName},1674992152878000000,1674992152879973341,1973
1d90a83da3ba589ace5b4d14b8c99f20,455ff5759c9cca84,f124b9c0f0fa7376,ts-config-service-5fcd447d84-wxwjd,/api/v1/configservice/configs/{configName},1674992152913000000,1674992152914696448,1696
1d90a83da3ba589ace5b4d14b8c99f20,99539f1ea5846d72,6d1fc8e181956da9,ts-config-service-5fcd447d84-wxwjd,ConfigController.retrieve,1674992152878384277,1674992152879854126,1469
1d90a83da3ba589ace5b4d14b8c99f20,a699e2415983879a,455ff5759c9cca84,ts-config-service-5fcd447d84-wxwjd,ConfigController.retrieve,1674992152913285617,1674992152914579494,1293
1d90a83da3ba589ace5b4d14b8c99f20,f773b23b3c9ca2d7,99539f1ea5846d72,ts-config-service-5fcd447d84-wxwjd,ConfigRepository.findByName,1674992152878753859,1674992152879424467,670
1d90a83da3ba589ace5b4d14b8c99f20,3ef5b69d35633401,a699e2415983879a,ts-config-service-5fcd447d84-wxwjd,ConfigRepository.findByName,1674992152913598256,1674992152914195986,597
1d90a83da3ba589ace5b4d14b8c99f20,5b0d581183c38e50,f773b23b3c9ca2d7,ts-config-service-5fcd447d84-wxwjd,SELECT Config,1674992152878815233,1674992152879421526,606
1d90a83da3ba589ace5b4d14b8c99f20,9204bd6150d55241,3ef5b69d35633401,ts-config-service-5fcd447d84-wxwjd,SELECT Config,1674992152913650961,1674992152914192607,541
1d90a83da3ba589ace5b4d14b8c99f20,b695a4fd9fe9e41c,5b0d581183c38e50,ts-config-service-5fcd447d84-wxwjd,SELECT ts.config,1674992152878875751,1674992152879382095,506
1d90a83da3ba589ace5b4d14b8c99f20,38ad32553342657a,9204bd6150d55241,ts-config-service-5fcd447d84-wxwjd,SELECT ts.config,1674992152913704646,1674992152914155425,450
1d90a83da3ba589ace5b4d14b8c99f20,301658eed668a395,e5de490a772f4497,ts-assurance-service-69876c9868-ssxsf,/api/v1/assuranceservice/assurances/{typeIndex}/{orderId},1674992153103000000,1674992153119049094,16049
1d90a83da3ba589ace5b4d14b8c99f20,137bba5d19f10e89,301658eed668a395,ts-assurance-service-69876c9868-ssxsf,AssuranceController.createNewAssurance,1674992153105134506,1674992153117935071,12800
1d90a83da3ba589ace5b4d14b8c99f20,e2ae08d033cec02a,137bba5d19f10e89,ts-assurance-service-69876c9868-ssxsf,AssuranceRepository.findByOrderId,1674992153105879888,1674992153109231497,3351
1d90a83da3ba589ace5b4d14b8c99f20,2345b6226ed35c1c,137bba5d19f10e89,ts-assurance-service-69876c9868-ssxsf,AssuranceRepository.save,1674992153109297066,1674992153116709927,7412
1d90a83da3ba589ace5b4d14b8c99f20,78a21f8347ab026f,e2ae08d033cec02a,ts-assurance-service-69876c9868-ssxsf,SELECT Assurance,1674992153106327691,1674992153109155607,2827
1d90a83da3ba589ace5b4d14b8c99f20,29e30940e4e224b7,2345b6226ed35c1c,ts-assurance-service-69876c9868-ssxsf,Session.merge assurance.entity.Assurance,1674992153109877706,1674992153110948745,1071
1d90a83da3ba589ace5b4d14b8c99f20,e80c59c0350f8a6b,2345b6226ed35c1c,ts-assurance-service-69876c9868-ssxsf,Transaction.commit,1674992153110984819,1674992153116680707,5695
1d90a83da3ba589ace5b4d14b8c99f20,c99fdbb702ae97dd,78a21f8347ab026f,ts-assurance-service-69876c9868-ssxsf,SELECT ts.assurance,1674992153108241242,1674992153108985227,743
1d90a83da3ba589ace5b4d14b8c99f20,7774702d8de1e38f,29e30940e4e224b7,ts-assurance-service-69876c9868-ssxsf,SELECT ts.assurance,1674992153110168560,1674992153110610889,442
1d90a83da3ba589ace5b4d14b8c99f20,96099a92dd2e4ecb,e80c59c0350f8a6b,ts-assurance-service-69876c9868-ssxsf,INSERT ts.assurance,1674992153111251160,1674992153116109343,4858
1d90a83da3ba589ace5b4d14b8c99f20,a67966279626afce,2425da4f07ba6775,ts-user-service-687d654649-lrcwv,/api/v1/userservice/users/id/{userId},1674992153123000000,1674992153129619942,6619
1d90a83da3ba589ace5b4d14b8c99f20,e13a90c03fce9161,a67966279626afce,ts-user-service-687d654649-lrcwv,UserController.getUserByUserId,1674992153124730707,1674992153128655907,3925
1d90a83da3ba589ace5b4d14b8c99f20,b30ce5e0e7492b65,e13a90c03fce9161,ts-user-service-687d654649-lrcwv,UserRepository.findByUserId,1674992153125450232,1674992153127822918,2372
1d90a83da3ba589ace5b4d14b8c99f20,439b197db3912471,b30ce5e0e7492b65,ts-user-service-687d654649-lrcwv,SELECT User,1674992153125662275,1674992153127809248,2146
1d90a83da3ba589ace5b4d14b8c99f20,5c8cfdb39b7b1b6a,439b197db3912471,ts-user-service-687d654649-lrcwv,SELECT ts.user,1674992153126534944,1674992153127275444,740
81aed5b14cd62113f6dacf43b519bd62,2b76b39ce44cdea5,root,ts-gateway-service-6f6cfc45b-h5m2n,/*,1674992164003000000,1674992164399738128,396738
81aed5b14cd62113f6dacf43b519bd62,e15105cc2f4d4fe9,2b76b39ce44cdea5,ts-gateway-service-6f6cfc45b-h5m2n,FilteringWebHandler.handle,1674992164003801578,1674992164399540871,395739
81aed5b14cd62113f6dacf43b519bd62,22c510a8d409f53d,2b76b39ce44cdea5,ts-gateway-service-6f6cfc45b-h5m2n,HTTP POST,1674992164004711898,1674992164399693191,394981
81aed5b14cd62113f6dacf43b519bd62,f4f879ff39267f0a,22c510a8d409f53d,ts-travel-service-64469b5b48-25zj6,/api/v1/travelservice/trips/left,1674992164006000000,1674992164398112448,392112
81aed5b14cd62113f6dacf43b519bd62,566a7c57c7c9b614,f4f879ff39267f0a,ts-travel-service-64469b5b48-25zj6,TravelController.queryInfo,1674992164006882772,1674992164397749980,390867
81aed5b14cd62113f6dacf43b519bd62,f7bcd60dd69b331d,566a7c57c7c9b614,ts-travel-service-64469b5b48-25zj6,TripRepository.findAll,1674992164007607093,1674992164009917265,2310
81aed5b14cd62113f6dacf43b519bd62,e3e6f3fdefd276b6,f7bcd60dd69b331d,ts-travel-service-64469b5b48-25zj6,SELECT Trip,1674992164008417021,1674992164009090849,673
81aed5b14cd62113f6dacf43b519bd62,02744ae02e9457be,f7bcd60dd69b331d,ts-travel-service-64469b5b48-25zj6,Transaction.commit,1674992164009112835,1674992164009746039,633
81aed5b14cd62113f6dacf43b519bd62,49aee9b56d26c297,e3e6f3fdefd276b6,ts-travel-service-64469b5b48-25zj6,SELECT ts.trip,1674992164008520359,1674992164008980614,460
81aed5b14cd62113f6dacf43b519bd62,1107eece75395645,566a7c57c7c9b614,ts-travel-service-64469b5b48-25zj6,HTTP POST,1674992164010895087,1674992164289074259,278179
81aed5b14cd62113f6dacf43b519bd62,f5721783eeddb0d2,566a7c57c7c9b614,ts-travel-service-64469b5b48-25zj6,HTTP POST,1674992164290450252,1674992164307270127,16819
81aed5b14cd62113f6dacf43b519bd62,621f02c770a800fb,566a7c57c7c9b614,ts-travel-service-64469b5b48-25zj6,HTTP POST,1674992164308152939,1674992164322407158,14254
81aed5b14cd62113f6dacf43b519bd62,37e6be768474b267,566a7c57c7c9b614,ts-travel-service-64469b5b48-25zj6,HTTP POST,1674992164323437701,1674992164340056905,16619
81aed5b14cd62113f6dacf43b519bd62,13d51602ca1d76ab,566a7c57c7c9b614,ts-travel-service-64469b5b48-25zj6,HTTP POST,1674992164340517255,1674992164354569769,14052
81aed5b14cd62113f6dacf43b519bd62,8b463bb96c5ec591,566a7c57c7c9b614,ts-travel-service-64469b5b48-25zj6,HTTP POST,1674992164355333818,1674992164383572844,28239
81aed5b14cd62113f6dacf43b519bd62,fa44b92d17f227b2,566a7c57c7c9b614,ts-travel-service-64469b5b48-25zj6,HTTP POST,1674992164384526297,1674992164396886805,12360
81aed5b14cd62113f6dacf43b519bd62,198e3975e4fb52f4,1107eece75395645,ts-basic-service-5dc8d4f9fd-46997,/api/v1/basicservice/basic/travels,1674992164012000000,1674992164288180458,276180
81aed5b14cd62113f6dacf43b519bd62,e1324000718ca60e,198e3975e4fb52f4,ts-basic-service-5dc8d4f9fd-46997,BasicController.queryForTravels,1674992164012395165,1674992164288042984,275647
81aed5b14cd62113f6dacf43b519bd62,6958dad44154efac,e1324000718ca60e,ts-basic-service-5dc8d4f9fd-46997,HTTP POST,1674992164013381822,1674992164017612132,4230
81aed5b14cd62113f6dacf43b519bd62,c8f262f8b24fab2a,e1324000718ca60e,ts-basic-service-5dc8d4f9fd-46997,HTTP POST,1674992164018184584,1674992164024938400,6753
81aed5b14cd62113f6dacf43b519bd62,d4d166801d8899e3,e1324000718ca60e,ts-basic-service-5dc8d4f9fd-46997,HTTP POST,1674992164025906796,1674992164277973625,252066
81aed5b14cd62113f6dacf43b519bd62,80aa2f3932cb4239,e1324000718ca60e,ts-basic-service-5dc8d4f9fd-46997,HTTP POST,1674992164279679387,1674992164286612038,6932
81aed5b14cd62113f6dacf43b519bd62,54269f7fa356d3a2,6958dad44154efac,ts-station-service-7f4f5f6f77-5qb6j,/api/v1/stationservice/stations/idlist,1674992164015000000,1674992164018166766,3166
81aed5b14cd62113f6dacf43b519bd62,27cf341d75b4b203,54269f7fa356d3a2,ts-station-service-7f4f5f6f77-5qb6j,StationController.queryForIdBatch,1674992164015414254,1674992164017921061,2506
81aed5b14cd62113f6dacf43b519bd62,140ee2a66a91964f,27cf341d75b4b203,ts-station-service-7f4f5f6f77-5qb6j,StationRepository.findByNames,1674992164015955067,1674992164017565822,1610
81aed5b14cd62113f6dacf43b519bd62,0e84fc02bf346f26,140ee2a66a91964f,ts-station-service-7f4f5f6f77-5qb6j,SELECT station,1674992164016043760,1674992164017542857,1499
81aed5b14cd62113f6dacf43b519bd62,423b765c86ed46bc,0e84fc02bf346f26,ts-station-service-7f4f5f6f77-5qb6j,SELECT ts.station,1674992164016779443,1674992164017446946,667
81aed5b14cd62113f6dacf43b519bd62,d531b22f290549a1,c8f262f8b24fab2a,ts-train-service-86f5f97bc9-dkqmf,/api/v1/trainservice/trains/byNames,1674992164020000000,1674992164024745552,4745
81aed5b14cd62113f6dacf43b519bd62,bb029498de70dc73,d531b22f290549a1,ts-train-service-86f5f97bc9-dkqmf,TrainController.retrieveByName,1674992164020796829,1674992164024378367,3581
81aed5b14cd62113f6dacf43b519bd62,0b87db950991074d,bb029498de70dc73,ts-train-service-86f5f97bc9-dkqmf,TrainTypeRepository.findByNames,1674992164021826397,1674992164023949024,2122
81aed5b14cd62113f6dacf43b519bd62,423ebbdb77b10691,0b87db950991074d,ts-train-service-86f5f97bc9-dkqmf,SELECT train_type,1674992164022026495,1674992164023927716,1901
81aed5b14cd62113f6dacf43b519bd62,46eb9cb09ccb7986,423ebbdb77b10691,ts-train-service-86f5f97bc9-dkqmf,SELECT ts.train_type,1674992164023040228,1674992164023817736,777
81aed5b14cd62113f6dacf43b519bd62,16e2ea2cbda1eed3,d4d166801d8899e3,ts-route-service-b6c59fb57-zv8dt,/api/v1/routeservice/routes/byIds/,1674992164255000000,1674992164276564467,21564
81aed5b14cd62113f6dacf43b519bd62,d0b21f83e705e5a2,16e2ea2cbda1eed3,ts-route-service-b6c59fb57-zv8dt,RouteController.queryByIds,1674992164256350622,1674992164276193876,19843
81aed5b14cd62113f6dacf43b519bd62,a65f3151f03657b1,d0b21f83e705e5a2,ts-route-service-b6c59fb57-zv8dt,RouteRepository.findByIds,1674992164257838017,1674992164268437307,10599
81aed5b14cd62113f6dacf43b519bd62,c7a4e014d2051b2b,a65f3151f03657b1,ts-route-service-b6c59fb57-zv8dt,SELECT route,1674992164258149717,1674992164268408602,10258
81aed5b14cd62113f6dacf43b519bd62,b7f841d784dd753e,c7a4e014d2051b2b,ts-route-service-b6c59fb57-zv8dt,SELECT ts.route,1674992164259607539,1674992164268187241,8579
81aed5b14cd62113f6dacf43b519bd62,cbce0c75bf9406d2,d0b21f83e705e5a2,ts-route-service-b6c59fb57-zv8dt,SELECT ts.route_stations,1674992164268813805,1674992164269747602,933
81aed5b14cd62113f6dacf43b519bd62,16c27c9a19227e30,d0b21f83e705e5a2,ts-route-service-b6c59fb57-zv8dt,SELECT ts.route_distances,1674992164269931271,1674992164270619938,688
81aed5b14cd62113f6dacf43b519bd62,a6cbad0b86a342bd,d0b21f83e705e5a2,ts-route-service-b6c59fb57-zv8dt,SELECT ts.route_stations,1674992164270738794,1674992164271534068,795
81aed5b14cd62113f6dacf43b519bd62,3d84cc664cd0ebae,d0b21f83e705e5a2,ts-route-service-b6c59fb57-zv8dt,SELECT ts.route_distances,1674992164271605870,1674992164272255931,650
81aed5b14cd62113f6dacf43b519bd62,60102b768a2aea7c,d0b21f83e705e5a2,ts-route-service-b6c59fb57-zv8dt,SELECT ts.route_stations,1674992164272315933,1674992164272905322,589
81aed5b14cd62113f6dacf43b519bd62,c8b4b789587d79b1,d0b21f83e705e5a2,ts-route-service-b6c59fb57-zv8dt,SELECT ts.route_distances,1674992164272951505,1674992164273569020,617
81aed5b14cd62113f6dacf43b519bd62,f667f82cde4eb310,d0b21f83e705e5a2,ts-route-service-b6c59fb57-zv8dt,SELECT ts.route_stations,1674992164273605161,1674992164274189356,584
81aed5b14cd62113f6dacf43b519bd62,abf917798ab596de,d0b21f83e705e5a2,ts-route-service-b6c59fb57-zv8dt,SELECT ts.route_distances,1674992164274230035,1674992164274803559,573
81aed5b14cd62113f6dacf43b519bd62,f7db1882f32852c0,d0b21f83e705e5a2,ts-route-service-b6c59fb57-zv8dt,SELECT ts.route_stations,1674992164274860505,1674992164275422121,561
81aed5b14cd62113f6dacf43b519bd62,7fe9a45ceaabc318,d0b21f83e705e5a2,ts-route-service-b6c59fb57-zv8dt,SELECT ts.route_distances,1674992164275459086,1674992164276009000,549
81aed5b14cd62113f6dacf43b519bd62,15b4cf994a9e3ecd,80aa2f3932cb4239,ts-price-service-76846864d9-g465z,/api/v1/priceservice/prices/byRouteIdsAndTrainTypes,1674992164281000000,1674992164285978471,4978
81aed5b14cd62113f6dacf43b519bd62,2adddff2a2b929b6,15b4cf994a9e3ecd,ts-price-service-76846864d9-g465z,PriceController.query,1674992164281848282,1674992164285563192,3714
81aed5b14cd62113f6dacf43b519bd62,3df0c5f4b99d9bab,2adddff2a2b929b6,ts-price-service-76846864d9-g465z,PriceConfigRepository.findByRouteIdsAndTrainTypes,1674992164282861087,1674992164285066144,2205
81aed5b14cd62113f6dacf43b519bd62,0db8d8306998d8dc,3df0c5f4b99d9bab,ts-price-service-76846864d9-g465z,SELECT price_config,1674992164283035314,1674992164285044445,2009
81aed5b14cd62113f6dacf43b519bd62,53dbf2784d1e09ad,0db8d8306998d8dc,ts-price-service-76846864d9-g465z,SELECT ts.price_config,1674992164284043931,1674992164284878709,834
81aed5b14cd62113f6dacf43b519bd62,a89288e68fc22658,f5721783eeddb0d2,ts-seat-service-5c95b49cff-tdsdz,/api/v1/seatservice/seats/left_tickets,1674992164292000000,1674992164306757327,14757
81aed5b14cd62113f6dacf43b519bd62,12dc986858dce70c,621f02c770a800fb,ts-seat-service-5c95b49cff-tdsdz,/api/v1/seatservice/seats/left_tickets,1674992164309000000,1674992164321827183,12827
81aed5b14cd62113f6dacf43b519bd62,438f657a5f878475,37e6be768474b267,ts-seat-service-5c95b49cff-tdsdz,/api/v1/seatservice/seats/left_tickets,1674992164324000000,1674992164338926659,14926
81aed5b14cd62113f6dacf43b519bd62,8c438322c09735b8,13d51602ca1d76ab,ts-seat-service-5c95b49cff-tdsdz,/api/v1/seatservice/seats/left_tickets,1674992164342000000,1674992164354156535,12156
81aed5b14cd62113f6dacf43b519bd62,3b64b6261556f840,8b463bb96c5ec591,ts-seat-service-5c95b49cff-tdsdz,/api/v1/seatservice/seats/left_tickets,1674992164371000000,1674992164383876149,12876
81aed5b14cd62113f6dacf43b519bd62,5caad78a40377875,fa44b92d17f227b2,ts-seat-service-5c95b49cff-tdsdz,/api/v1/seatservice/seats/left_tickets,1674992164386000000,1674992164396493185,10493
81aed5b14cd62113f6dacf43b519bd62,c2ce4f09844df6d3,a89288e68fc22658,ts-seat-service-5c95b49cff-tdsdz,SeatController.getLeftTicketOfInterval,1674992164292549421,1674992164306525624,13976
81aed5b14cd62113f6dacf43b519bd62,02610ea6dc1fdb30,12dc986858dce70c,ts-seat-service-5c95b49cff-tdsdz,SeatController.getLeftTicketOfInterval,1674992164309433149,1674992164321648952,12215
81aed5b14cd62113f6dacf43b519bd62,d8cb0dc6d6b902b9,438f657a5f878475,ts-seat-service-5c95b49cff-tdsdz,SeatController.getLeftTicketOfInterval,1674992164324338483,1674992164338713496,14375
81aed5b14cd62113f6dacf43b519bd62,bd52469ba389bbd7,8c438322c09735b8,ts-seat-service-5c95b49cff-tdsdz,SeatController.getLeftTicketOfInterval,1674992164342366871,1674992164353973837,11606
81aed5b14cd62113f6dacf43b519bd62,4cf7a459e196040f,3b64b6261556f840,ts-seat-service-5c95b49cff-tdsdz,SeatController.getLeftTicketOfInterval,1674992164371366358,1674992164383492251,12125
81aed5b14cd62113f6dacf43b519bd62,d2c869d8237fa78f,5caad78a40377875,ts-seat-service-5c95b49cff-tdsdz,SeatController.getLeftTicketOfInterval,1674992164386319454,1674992164396306068,9986
81aed5b14cd62113f6dacf43b519bd62,b950af8da4f442b2,c2ce4f09844df6d3,ts-seat-service-5c95b49cff-tdsdz,HTTP POST,1674992164294581786,1674992164299798547,5216
81aed5b14cd62113f6dacf43b519bd62,9f01fec5715e1c21,c2ce4f09844df6d3,ts-seat-service-5c95b49cff-tdsdz,HTTP GET,1674992164300897486,1674992164305366845,4469
81aed5b14cd62113f6dacf43b519bd62,08db393a3d39de61,02610ea6dc1fdb30,ts-seat-service-5c95b49cff-tdsdz,HTTP POST,1674992164311148406,1674992164316015885,4867
81aed5b14cd62113f6dacf43b519bd62,bda4da6f6b5759db,02610ea6dc1fdb30,ts-seat-service-5c95b49cff-tdsdz,HTTP GET,1674992164317104635,1674992164320503746,3399
81aed5b14cd62113f6dacf43b519bd62,72a54b5e9e6aa41c,d8cb0dc6d6b902b9,ts-seat-service-5c95b49cff-tdsdz,HTTP POST,1674992164325994691,1674992164333578152,7583
81aed5b14cd62113f6dacf43b519bd62,5d651f5d261e6b6f,d8cb0dc6d6b902b9,ts-seat-service-5c95b49cff-tdsdz,HTTP GET,1674992164334438167,1674992164337758748,3320
81aed5b14cd62113f6dacf43b519bd62,cb5d61bd71ee9255,bd52469ba389bbd7,ts-seat-service-5c95b49cff-tdsdz,HTTP POST,1674992164343997731,1674992164348479144,4481
81aed5b14cd62113f6dacf43b519bd62,c12fc24b14aa681d,bd52469ba389bbd7,ts-seat-service-5c95b49cff-tdsdz,HTTP GET,1674992164349571460,1674992164352785808,3214
81aed5b14cd62113f6dacf43b519bd62,07bad9c88badc648,4cf7a459e196040f,ts-seat-service-5c95b49cff-tdsdz,HTTP POST,1674992164372922877,1674992164377444535,4521
81aed5b14cd62113f6dacf43b519bd62,995516443600a55d,4cf7a459e196040f,ts-seat-service-5c95b49cff-tdsdz,HTTP GET,1674992164378365243,1674992164382162564,3797
81aed5b14cd62113f6dacf43b519bd62,5a58ddd7bca736f5,d2c869d8237fa78f,ts-seat-service-5c95b49cff-tdsdz,HTTP POST,1674992164387731454,1674992164391419684,3688
81aed5b14cd62113f6dacf43b519bd62,f88b93e451e1f2e8,d2c869d8237fa78f,ts-seat-service-5c95b49cff-tdsdz,HTTP GET,1674992164392148284,1674992164395398839,3250
81aed5b14cd62113f6dacf43b519bd62,a224cdfbabf5f03c,b950af8da4f442b2,ts-order-service-5b67c48447-mv5hb,/api/v1/orderservice/order/tickets,1674992164296000000,1674992164298438450,2438
81aed5b14cd62113f6dacf43b519bd62,a29b4aa0e090a468,08db393a3d39de61,ts-order-service-5b67c48447-mv5hb,/api/v1/orderservice/order/tickets,1674992164313000000,1674992164315597687,2597
81aed5b14cd62113f6dacf43b519bd62,74228ffe91933550,72a54b5e9e6aa41c,ts-order-service-5b67c48447-mv5hb,/api/v1/orderservice/order/tickets,1674992164329000000,1674992164332421657,3421
81aed5b14cd62113f6dacf43b519bd62,bfcf15234fd57a56,cb5d61bd71ee9255,ts-order-service-5b67c48447-mv5hb,/api/v1/orderservice/order/tickets,1674992164345000000,1674992164347555812,2555
81aed5b14cd62113f6dacf43b519bd62,c2572d7f343594ae,07bad9c88badc648,ts-order-service-5b67c48447-mv5hb,/api/v1/orderservice/order/tickets,1674992164374000000,1674992164376180805,2180
81aed5b14cd62113f6dacf43b519bd62,241310b9d30d2948,5a58ddd7bca736f5,ts-order-service-5b67c48447-mv5hb,/api/v1/orderservice/order/tickets,1674992164388000000,1674992164389750406,1750
81aed5b14cd62113f6dacf43b519bd62,935c58d0d6259154,a224cdfbabf5f03c,ts-order-service-5b67c48447-mv5hb,OrderController.getTicketListByDateAndTripId,1674992164296346692,1674992164298322343,1975
81aed5b14cd62113f6dacf43b519bd62,2e523d3c6365be3d,a29b4aa0e090a468,ts-order-service-5b67c48447-mv5hb,OrderController.getTicketListByDateAndTripId,1674992164313442176,1674992164315489135,2046
81aed5b14cd62113f6dacf43b519bd62,a5ce5483c9791920,74228ffe91933550,ts-order-service-5b67c48447-mv5hb,OrderController.getTicketListByDateAndTripId,1674992164329285220,1674992164332286572,3001
81aed5b14cd62113f6dacf43b519bd62,14b27e60039b9907,bfcf15234fd57a56,ts-order-service-5b67c48447-mv5hb,OrderController.getTicketListByDateAndTripId,1674992164345236144,1674992164347444121,2207
81aed5b14cd62113f6dacf43b519bd62,6274d31692190ee8,c2572d7f343594ae,ts-order-service-5b67c48447-mv5hb,OrderController.getTicketListByDateAndTripId,1674992164374256507,1674992164376026641,1770
81aed5b14cd62113f6dacf43b519bd62,7ab729f7ec3c5211,241310b9d30d2948,ts-order-service-5b67c48447-mv5hb,OrderController.getTicketListByDateAndTripId,1674992164388194012,1674992164389673468,1479
81aed5b14cd62113f6dacf43b519bd62,aedcd3ec764e45b4,935c58d0d6259154,ts-order-service-5b67c48447-mv5hb,OrderRepository.findByTravelDateAndTrainNumber,1674992164296835739,1674992164297921857,1086
81aed5b14cd62113f6dacf43b519bd62,2185e88016a4ef6f,2e523d3c6365be3d,ts-order-service-5b67c48447-mv5hb,OrderRepository.findByTravelDateAndTrainNumber,1674992164314007366,1674992164315090997,1083
81aed5b14cd62113f6dacf43b519bd62,612da45833fe30c6,a5ce5483c9791920,ts-order-service-5b67c48447-mv5hb,OrderRepository.findByTravelDateAndTrainNumber,1674992164329666391,1674992164331825346,2158
81aed5b14cd62113f6dacf43b519bd62,2424a487d40af322,14b27e60039b9907,ts-order-service-5b67c48447-mv5hb,OrderRepository.findByTravelDateAndTrainNumber,1674992164345606428,1674992164347050807,1444
81aed5b14cd62113f6dacf43b519bd62,47ac299f874110cc,6274d31692190ee8,ts-order-service-5b67c48447-mv5hb,OrderRepository.findByTravelDateAndTrainNumber,1674992164374601557,1674992164375618870,1017
81aed5b14cd62113f6dacf43b519bd62,cd71e80d55b3ae36,7ab729f7ec3c5211,ts-order-service-5b67c48447-mv5hb,OrderRepository.findByTravelDateAndTrainNumber,1674992164388479541,1674992164389351588,872
81aed5b14cd62113f6dacf43b519bd62,f6dc0055e46386cd,aedcd3ec764e45b4,ts-order-service-5b67c48447-mv5hb,SELECT Order,1674992164296890489,1674992164297913623,1023
81aed5b14cd62113f6dacf43b519bd62,f29096bfec03d382,2185e88016a4ef6f,ts-order-service-5b67c48447-mv5hb,SELECT Order,1674992164314081570,1674992164315080593,999
81aed5b14cd62113f6dacf43b519bd62,d1cd93d39097c6ec,612da45833fe30c6,ts-order-service-5b67c48447-mv5hb,SELECT Order,1674992164329730251,1674992164331813089,2082
81aed5b14cd62113f6dacf43b519bd62,4eb3a637379d687f,2424a487d40af322,ts-order-service-5b67c48447-mv5hb,SELECT Order,1674992164345653700,1674992164347040935,1387
81aed5b14cd62113f6dacf43b519bd62,53bf058298f18f9e,47ac299f874110cc,ts-order-service-5b67c48447-mv5hb,SELECT Order,1674992164374653734,1674992164375610294,956
81aed5b14cd62113f6dacf43b519bd62,50781309c552c68b,cd71e80d55b3ae36,ts-order-service-5b67c48447-mv5hb,SELECT Order,1674992164388508466,1674992164389345503,837
81aed5b14cd62113f6dacf43b519bd62,f031efb8684ed654,f6dc0055e46386cd,ts-order-service-5b67c48447-mv5hb,SELECT ts.orders,1674992164296963329,1674992164297900552,937
81aed5b14cd62113f6dacf43b519bd62,3a451dc044f15073,f29096bfec03d382,ts-order-service-5b67c48447-mv5hb,SELECT ts.orders,1674992164314167454,1674992164315065459,898
81aed5b14cd62113f6dacf43b519bd62,cd5005f853e26bf6,d1cd93d39097c6ec,ts-order-service-5b67c48447-mv5hb,SELECT ts.orders,1674992164329797257,1674992164331793248,1995
81aed5b14cd62113f6dacf43b519bd62,31f8d7e71d62a6bf,4eb3a637379d687f,ts-order-service-5b67c48447-mv5hb,SELECT ts.orders,1674992164346216065,1674992164347024817,808
81aed5b14cd62113f6dacf43b519bd62,851451da8a85d7ef,53bf058298f18f9e,ts-order-service-5b67c48447-mv5hb,SELECT ts.orders,1674992164374716925,1674992164375598755,881
81aed5b14cd62113f6dacf43b519bd62,8dd80cb069fd7ccb,50781309c552c68b,ts-order-service-5b67c48447-mv5hb,SELECT ts.orders,1674992164388551019,1674992164389336430,785
81aed5b14cd62113f6dacf43b519bd62,c5d5799c8257edc7,9f01fec5715e1c21,ts-config-service-5fcd447d84-wxwjd,/api/v1/configservice/configs/{configName},1674992164302000000,1674992164304038287,2038
81aed5b14cd62113f6dacf43b519bd62,832a54cac61088d9,bda4da6f6b5759db,ts-config-service-5fcd447d84-wxwjd,/api/v1/configservice/configs/{configName},1674992164318000000,1674992164319475651,1475
81aed5b14cd62113f6dacf43b519bd62,cf4e5a987c4d3fdf,5d651f5d261e6b6f,ts-config-service-5fcd447d84-wxwjd,/api/v1/configservice/configs/{configName},1674992164336000000,1674992164337298185,1298
81aed5b14cd62113f6dacf43b519bd62,9797d5b98a7fdbf9,c12fc24b14aa681d,ts-config-service-5fcd447d84-wxwjd,/api/v1/configservice/configs/{configName},1674992164350000000,1674992164351252343,1252
81aed5b14cd62113f6dacf43b519bd62,e7f099376b40db64,995516443600a55d,ts-config-service-5fcd447d84-wxwjd,/api/v1/configservice/configs/{configName},1674992164379000000,1674992164380479667,1479
81aed5b14cd62113f6dacf43b519bd62,7173f95a5eab864f,f88b93e451e1f2e8,ts-config-service-5fcd447d84-wxwjd,/api/v1/configservice/configs/{configName},1674992164393000000,1674992164394433926,1433
81aed5b14cd62113f6dacf43b519bd62,56abbabdec427b3d,c5d5799c8257edc7,ts-config-service-5fcd447d84-wxwjd,ConfigController.retrieve,1674992164302384944,1674992164303914369,1529
81aed5b14cd62113f6dacf43b519bd62,1c3d01f8933733ae,832a54cac61088d9,ts-config-service-5fcd447d84-wxwjd,ConfigController.retrieve,1674992164318278267,1674992164319380528,1102
81aed5b14cd62113f6dacf43b519bd62,32e0a6a675f6ed26,cf4e5a987c4d3fdf,ts-config-service-5fcd447d84-wxwjd,ConfigController.retrieve,1674992164336197507,1674992164337193186,995
81aed5b14cd62113f6dacf43b519bd62,13730810a0c77281,9797d5b98a7fdbf9,ts-config-service-5fcd447d84-wxwjd,ConfigController.retrieve,1674992164350200674,1674992164351171246,970
81aed5b14cd62113f6dacf43b519bd62,4d7546cd7342477a,e7f099376b40db64,ts-config-service-5fcd447d84-wxwjd,ConfigController.retrieve,1674992164379227898,1674992164380387483,1159
81aed5b14cd62113f6dacf43b519bd62,0ac5a343217768ce,7173f95a5eab864f,ts-config-service-5fcd447d84-wxwjd,ConfigController.retrieve,1674992164393221099,1674992164394344638,1123
81aed5b14cd62113f6dacf43b519bd62,93b380ee346ddda3,56abbabdec427b3d,ts-config-service-5fcd447d84-wxwjd,ConfigRepository.findByName,1674992164302770766,1674992164303494662,723
81aed5b14cd62113f6dacf43b519bd62,542531ddeeb3e5b7,1c3d01f8933733ae,ts-config-service-5fcd447d84-wxwjd,ConfigRepository.findByName,1674992164318526527,1674992164319028289,501
81aed5b14cd62113f6dacf43b519bd62,a850fa9a0ec98c4e,32e0a6a675f6ed26,ts-config-service-5fcd447d84-wxwjd,ConfigRepository.findByName,1674992164336403183,1674992164336850495,447
81aed5b14cd62113f6dacf43b519bd62,367f4dd04fb73876,13730810a0c77281,ts-config-service-5fcd447d84-wxwjd,ConfigRepository.findByName,1674992164350405882,1674992164350839722,433
81aed5b14cd62113f6dacf43b519bd62,691e811842614ed7,4d7546cd7342477a,ts-config-service-5fcd447d84-wxwjd,ConfigRepository.findByName,1674992164379467786,1674992164380000451,532
81aed5b14cd62113f6dacf43b519bd62,56a12ce4472c9564,0ac5a343217768ce,ts-config-service-5fcd447d84-wxwjd,ConfigRepository.findByName,1674992164393473245,1674992164393977489,504
81aed5b14cd62113f6dacf43b519bd62,52639a7cfc4c9ce1,93b380ee346ddda3,ts-config-service-5fcd447d84-wxwjd,SELECT Config,1674992164302843362,1674992164303491100,647
81aed5b14cd62113f6dacf43b519bd62,56b24681f71b4d87,542531ddeeb3e5b7,ts-config-service-5fcd447d84-wxwjd,SELECT Config,1674992164318565878,1674992164319025622,459
81aed5b14cd62113f6dacf43b519bd62,adec66b12451fb88,a850fa9a0ec98c4e,ts-config-service-5fcd447d84-wxwjd,SELECT Config,1674992164336433643,1674992164336848165,414
81aed5b14cd62113f6dacf43b519bd62,24c0d2205ced9ca5,367f4dd04fb73876,ts-config-service-5fcd447d84-wxwjd,SELECT Config,1674992164350444345,1674992164350837394,393
81aed5b14cd62113f6dacf43b519bd62,194f822429471d94,691e811842614ed7,ts-config-service-5fcd447d84-wxwjd,SELECT Config,1674992164379499461,1674992164379996886,497
81aed5b14cd62113f6dacf43b519bd62,d63bb5c8d9601a23,56a12ce4472c9564,ts-config-service-5fcd447d84-wxwjd,SELECT Config,1674992164393507571,1674992164393974897,467
81aed5b14cd62113f6dacf43b519bd62,806a5a41c5c13643,52639a7cfc4c9ce1,ts-config-service-5fcd447d84-wxwjd,SELECT ts.config,1674992164302928499,1674992164303447866,519
81aed5b14cd62113f6dacf43b519bd62,7745b40d58df4857,56b24681f71b4d87,ts-config-service-5fcd447d84-wxwjd,SELECT ts.config,1674992164318604551,1674992164318999626,395
81aed5b14cd62113f6dacf43b519bd62,3357b06dcce3c28d,adec66b12451fb88,ts-config-service-5fcd447d84-wxwjd,SELECT ts.config,1674992164336467343,1674992164336826707,359
81aed5b14cd62113f6dacf43b519bd62,bfb821ff42d7bcc8,24c0d2205ced9ca5,ts-config-service-5fcd447d84-wxwjd,SELECT ts.config,1674992164350479048,1674992164350812936,333
81aed5b14cd62113f6dacf43b519bd62,e4a1848553e52e54,194f822429471d94,ts-config-service-5fcd447d84-wxwjd,SELECT ts.config,1674992164379532935,1674992164379954748,421
81aed5b14cd62113f6dacf43b519bd62,c5b9d1b2f0a3b9fc,d63bb5c8d9601a23,ts-config-service-5fcd447d84-wxwjd,SELECT ts.config,1674992164393546004,1674992164393945511,399
cf267ee89f8ca33d9a0ee160c5409674,e92c5901c707c034,root,ts-gateway-service-6f6cfc45b-h5m2n,/*,1674992149950000000,1674992150433112634,483112
cf267ee89f8ca33d9a0ee160c5409674,6b021fae56b0b49a,e92c5901c707c034,ts-gateway-service-6f6cfc45b-h5m2n,FilteringWebHandler.handle,1674992149950865463,1674992150432889129,482023
cf267ee89f8ca33d9a0ee160c5409674,27beb5e18d8015b4,e92c5901c707c034,ts-gateway-service-6f6cfc45b-h5m2n,HTTP POST,1674992149951935604,1674992150433052400,481116
cf267ee89f8ca33d9a0ee160c5409674,c216c6449e3ba75c,27beb5e18d8015b4,ts-travel-service-64469b5b48-25zj6,/api/v1/travelservice/trips/left,1674992149954000000,1674992150431211170,477211
cf267ee89f8ca33d9a0ee160c5409674,b4e689182acb1555,c216c6449e3ba75c,ts-travel-service-64469b5b48-25zj6,TravelController.queryInfo,1674992149954773035,1674992150430847646,476074
cf267ee89f8ca33d9a0ee160c5409674,f2128031849ad10b,b4e689182acb1555,ts-travel-service-64469b5b48-25zj6,TripRepository.findAll,1674992149955340912,1674992149957405169,2064
cf267ee89f8ca33d9a0ee160c5409674,e0f7c0e94d5a08aa,f2128031849ad10b,ts-travel-service-64469b5b48-25zj6,SELECT Trip,1674992149956294909,1674992149956798401,503
cf267ee89f8ca33d9a0ee160c5409674,304e68c4df6def00,f2128031849ad10b,ts-travel-service-64469b5b48-25zj6,Transaction.commit,1674992149956829589,1674992149957179366,349
cf267ee89f8ca33d9a0ee160c5409674,86fc9f8ab99bb967,e0f7c0e94d5a08aa,ts-travel-service-64469b5b48-25zj6,SELECT ts.trip,1674992149956378214,1674992149956711050,332
cf267ee89f8ca33d9a0ee160c5409674,16dd52f0610d15ec,b4e689182acb1555,ts-travel-service-64469b5b48-25zj6,HTTP POST,1674992149958184859,1674992150010060488,51875
cf267ee89f8ca33d9a0ee160c5409674,069fbb3f5dae242b,b4e689182acb1555,ts-travel-service-64469b5b48-25zj6,HTTP POST,1674992150011060839,1674992150052876136,41815
cf267ee89f8ca33d9a0ee160c5409674,43292ac77f07f620,b4e689182acb1555,ts-travel-service-64469b5b48-25zj6,HTTP POST,1674992150053905248,1674992150296342959,242437
cf267ee89f8ca33d9a0ee160c5409674,2f80dd2fa7c13b1e,b4e689182acb1555,ts-travel-service-64469b5b48-25zj6,HTTP POST,1674992150297881682,1674992150386138522,88256
cf267ee89f8ca33d9a0ee160c5409674,4bd0dbc4882732b5,b4e689182acb1555,ts-travel-service-64469b5b48-25zj6,HTTP POST,1674992150387075117,1674992150402172613,15097
cf267ee89f8ca33d9a0ee160c5409674,e7ee836734331ad8,b4e689182acb1555,ts-travel-service-64469b5b48-25zj6,HTTP POST,1674992150402967425,1674992150416395649,13428
cf267ee89f8ca33d9a0ee160c5409674,1a9ace3d6c4607ed,b4e689182acb1555,ts-travel-service-64469b5b48-25zj6,HTTP POST,1674992150416869010,1674992150430036089,13167
cf267ee89f8ca33d9a0ee160c5409674,f54ad06848e7b2da,16dd52f0610d15ec,ts-basic-service-5dc8d4f9fd-46997,/api/v1/basicservice/basic/travels,1674992149961000000,1674992150009933704,48933
cf267ee89f8ca33d9a0ee160c5409674,abc7071dd21bfa39,f54ad06848e7b2da,ts-basic-service-5dc8d4f9fd-46997,BasicController.queryForTravels,1674992149961357238,1674992150009800634,48443
cf267ee89f8ca33d9a0ee160c5409674,470c3d381347eced,abc7071dd21bfa39,ts-basic-service-5dc8d4f9fd-46997,HTTP POST,1674992149962325949,1674992149968847576,6521
cf267ee89f8ca33d9a0ee160c5409674,24844ba91fe84cf9,abc7071dd21bfa39,ts-basic-service-5dc8d4f9fd-46997,HTTP POST,1674992149969259542,1674992149977783145,8523
cf267ee89f8ca33d9a0ee160c5409674,a8e5c2e8aeeb8604,abc7071dd21bfa39,ts-basic-service-5dc8d4f9fd-46997,HTTP POST,1674992149978842403,1674992149998878436,20036
cf267ee89f8ca33d9a0ee160c5409674,f8b7a5f8d145f785,abc7071dd21bfa39,ts-basic-service-5dc8d4f9fd-46997,HTTP POST,1674992150000282538,1674992150008538536,8255
cf267ee89f8ca33d9a0ee160c5409674,b1e5320804baf6e7,470c3d381347eced,ts-station-service-7f4f5f6f77-5qb6j,/api/v1/stationservice/stations/idlist,1674992149964000000,1674992149967890137,3890
cf267ee89f8ca33d9a0ee160c5409674,799c48dcdb5149bb,b1e5320804baf6e7,ts-station-service-7f4f5f6f77-5qb6j,StationController.queryForIdBatch,1674992149964440459,1674992149967705800,3265
cf267ee89f8ca33d9a0ee160c5409674,e13ffdd8427bccc5,799c48dcdb5149bb,ts-station-service-7f4f5f6f77-5qb6j,StationRepository.findByNames,1674992149964971949,1674992149967477804,2505
cf267ee89f8ca33d9a0ee160c5409674,767ef08dc28d6031,e13ffdd8427bccc5,ts-station-service-7f4f5f6f77-5qb6j,SELECT station,1674992149965095220,1674992149967466459,2371
cf267ee89f8ca33d9a0ee160c5409674,d603ea7f3edc2695,767ef08dc28d6031,ts-station-service-7f4f5f6f77-5qb6j,SELECT ts.station,1674992149966652178,1674992149967408702,756
cf267ee89f8ca33d9a0ee160c5409674,6aaa1b5515bd246b,24844ba91fe84cf9,ts-train-service-86f5f97bc9-dkqmf,/api/v1/trainservice/trains/byNames,1674992149972000000,1674992149977360201,5360
cf267ee89f8ca33d9a0ee160c5409674,d3de0ab58659c13f,6aaa1b5515bd246b,ts-train-service-86f5f97bc9-dkqmf,TrainController.retrieveByName,1674992149972876189,1674992149976929586,4053
cf267ee89f8ca33d9a0ee160c5409674,efb18234082399a6,d3de0ab58659c13f,ts-train-service-86f5f97bc9-dkqmf,TrainTypeRepository.findByNames,1674992149974079392,1674992149976426090,2346
cf267ee89f8ca33d9a0ee160c5409674,9a06ca2931d107e8,efb18234082399a6,ts-train-service-86f5f97bc9-dkqmf,SELECT train_type,1674992149974257665,1674992149976401387,2143
cf267ee89f8ca33d9a0ee160c5409674,4839b5e471e05f4a,9a06ca2931d107e8,ts-train-service-86f5f97bc9-dkqmf,SELECT ts.train_type,1674992149975342424,1674992149976261499,919
cf267ee89f8ca33d9a0ee160c5409674,11df1316b93abc70,a8e5c2e8aeeb8604,ts-route-service-b6c59fb57-zv8dt,/api/v1/routeservice/routes/byIds/,1674992149982000000,1674992149998574321,16574
cf267ee89f8ca33d9a0ee160c5409674,56c327f82bcbcbac,11df1316b93abc70,ts-route-service-b6c59fb57-zv8dt,RouteController.queryByIds,1674992149983270146,1674992149998079464,14809
cf267ee89f8ca33d9a0ee160c5409674,e5492c8de77055a3,56c327f82bcbcbac,ts-route-service-b6c59fb57-zv8dt,RouteRepository.findByIds,1674992149984814016,1674992149987392196,2578
cf267ee89f8ca33d9a0ee160c5409674,6c0d286cb73163dd,e5492c8de77055a3,ts-route-service-b6c59fb57-zv8dt,SELECT route,1674992149985050434,1674992149987369442,2319
cf267ee89f8ca33d9a0ee160c5409674,eed9f76d08448d07,6c0d286cb73163dd,ts-route-service-b6c59fb57-zv8dt,SELECT ts.route,1674992149986296039,1674992149987099052,803
cf267ee89f8ca33d9a0ee160c5409674,a8a21357acb59bad,56c327f82bcbcbac,ts-route-service-b6c59fb57-zv8dt,SELECT ts.route_stations,1674992149987866142,1674992149988781767,915
cf267ee89f8ca33d9a0ee160c5409674,d0075307b40a2d73,56c327f82bcbcbac,ts-route-service-b6c59fb57-zv8dt,SELECT ts.route_distances,1674992149988966818,1674992149989727067,760
cf267ee89f8ca33d9a0ee160c5409674,3e1edcba619ae6b5,56c327f82bcbcbac,ts-route-service-b6c59fb57-zv8dt,SELECT ts.route_stations,1674992149989867585,1674992149990915689,1048
cf267ee89f8ca33d9a0ee160c5409674,ba0866483f42ce8a,56c327f82bcbcbac,ts-route-service-b6c59fb57-zv8dt,SELECT ts.route_distances,1674992149991214733,1674992149992152390,937
cf267ee89f8ca33d9a0ee160c5409674,ecd5dbf09b150812,56c327f82bcbcbac,ts-route-service-b6c59fb57-zv8dt,SELECT ts.route_stations,1674992149992299074,1674992149993101750,802
cf267ee89f8ca33d9a0ee160c5409674,888748a005217850,56c327f82bcbcbac,ts-route-service-b6c59fb57-zv8dt,SELECT ts.route_distances,1674992149993267756,1674992149994018652,750
cf267ee89f8ca33d9a0ee160c5409674,3b6f79766d8a5e59,56c327f82bcbcbac,ts-route-service-b6c59fb57-zv8dt,SELECT ts.route_stations,1674992149994207759,1674992149995115201,907
cf267ee89f8ca33d9a0ee160c5409674,890b8794fff0d466,56c327f82bcbcbac,ts-route-service-b6c59fb57-zv8dt,SELECT ts.route_distances,1674992149995227133,1674992149996015381,788
cf267ee89f8ca33d9a0ee160c5409674,0606b0d23d876d9c,56c327f82bcbcbac,ts-route-service-b6c59fb57-zv8dt,SELECT ts.route_stations,1674992149996140836,1674992149996904541,763
cf267ee89f8ca33d9a0ee160c5409674,e2be32dbe03e0206,56c327f82bcbcbac,ts-route-service-b6c59fb57-zv8dt,SELECT ts.route_distances,1674992149997017734,1674992149997747018,729
cf267ee89f8ca33d9a0ee160c5409674,79c92978a6178964,f8b7a5f8d145f785,ts-price-service-76846864d9-g465z,/api/v1/priceservice/prices/byRouteIdsAndTrainTypes,1674992150003000000,1674992150008102556,5102
cf267ee89f8ca33d9a0ee160c5409674,94acdcd7649a1a2e,79c92978a6178964,ts-price-service-76846864d9-g465z,PriceController.query,1674992150003794373,1674992150007749391,3955
cf267ee89f8ca33d9a0ee160c5409674,f959bb54b3e67c20,94acdcd7649a1a2e,ts-price-service-76846864d9-g465z,PriceConfigRepository.findByRouteIdsAndTrainTypes,1674992150004835639,1674992150007184594,2348
cf267ee89f8ca33d9a0ee160c5409674,4616e5ed31e13058,f959bb54b3e67c20,ts-price-service-76846864d9-g465z,SELECT price_config,1674992150005010818,1674992150007162347,2151
cf267ee89f8ca33d9a0ee160c5409674,9a45c13e592b794c,4616e5ed31e13058,ts-price-service-76846864d9-g465z,SELECT ts.price_config,1674992150006150179,1674992150006977718,827
cf267ee89f8ca33d9a0ee160c5409674,d2643f5b4b174d1d,069fbb3f5dae242b,ts-seat-service-5c95b49cff-tdsdz,/api/v1/seatservice/seats/left_tickets,1674992150014000000,1674992150052592836,38592
cf267ee89f8ca33d9a0ee160c5409674,ffa587ea12d096cc,43292ac77f07f620,ts-seat-service-5c95b49cff-tdsdz,/api/v1/seatservice/seats/left_tickets,1674992150279000000,1674992150295659696,16659
cf267ee89f8ca33d9a0ee160c5409674,bee40e2c49db8678,2f80dd2fa7c13b1e,ts-seat-service-5c95b49cff-tdsdz,/api/v1/seatservice/seats/left_tickets,1674992150299000000,1674992150385281513,86281
cf267ee89f8ca33d9a0ee160c5409674,45e22836f3dce0e9,4bd0dbc4882732b5,ts-seat-service-5c95b49cff-tdsdz,/api/v1/seatservice/seats/left_tickets,1674992150388000000,1674992150401108327,13108
cf267ee89f8ca33d9a0ee160c5409674,18e5a606b0f787ff,e7ee836734331ad8,ts-seat-service-5c95b49cff-tdsdz,/api/v1/seatservice/seats/left_tickets,1674992150404000000,1674992150415570388,11570
cf267ee89f8ca33d9a0ee160c5409674,a6467dea915f95bd,1a9ace3d6c4607ed,ts-seat-service-5c95b49cff-tdsdz,/api/v1/seatservice/seats/left_tickets,1674992150418000000,1674992150429103100,11103
cf267ee89f8ca33d9a0ee160c5409674,545f0984a20d5f00,d2643f5b4b174d1d,ts-seat-service-5c95b49cff-tdsdz,SeatController.getLeftTicketOfInterval,1674992150014594492,1674992150052361341,37766
cf267ee89f8ca33d9a0ee160c5409674,be6310e73e1771ad,ffa587ea12d096cc,ts-seat-service-5c95b49cff-tdsdz,SeatController.getLeftTicketOfInterval,1674992150279566660,1674992150295409211,15842
cf267ee89f8ca33d9a0ee160c5409674,66c96b2006dd5f7e,bee40e2c49db8678,ts-seat-service-5c95b49cff-tdsdz,SeatController.getLeftTicketOfInterval,1674992150299491666,1674992150385072113,85580
cf267ee89f8ca33d9a0ee160c5409674,be26d87fba172a9e,45e22836f3dce0e9,ts-seat-service-5c95b49cff-tdsdz,SeatController.getLeftTicketOfInterval,1674992150388443867,1674992150400928158,12484
cf267ee89f8ca33d9a0ee160c5409674,0b29b47d0bd5f882,18e5a606b0f787ff,ts-seat-service-5c95b49cff-tdsdz,SeatController.getLeftTicketOfInterval,1674992150404424605,1674992150415394253,10969
cf267ee89f8ca33d9a0ee160c5409674,3959865bfb4689e1,a6467dea915f95bd,ts-seat-service-5c95b49cff-tdsdz,SeatController.getLeftTicketOfInterval,1674992150418362130,1674992150428931928,10569
cf267ee89f8ca33d9a0ee160c5409674,384066b0660041ce,545f0984a20d5f00,ts-seat-service-5c95b49cff-tdsdz,HTTP POST,1674992150016809122,1674992150023729733,6920
cf267ee89f8ca33d9a0ee160c5409674,6d5d44e2e1bfca18,545f0984a20d5f00,ts-seat-service-5c95b49cff-tdsdz,HTTP GET,1674992150024838031,1674992150051222909,26384
cf267ee89f8ca33d9a0ee160c5409674,a50a375611d9470f,be6310e73e1771ad,ts-seat-service-5c95b49cff-tdsdz,HTTP POST,1674992150281490853,1674992150288126876,6636
cf267ee89f8ca33d9a0ee160c5409674,d2d0a1c455cd42e0,be6310e73e1771ad,ts-seat-service-5c95b49cff-tdsdz,HTTP GET,1674992150289205357,1674992150294272100,5066
cf267ee89f8ca33d9a0ee160c5409674,269c122154ac6fac,66c96b2006dd5f7e,ts-seat-service-5c95b49cff-tdsdz,HTTP POST,1674992150301247000,1674992150306692701,5445
cf267ee89f8ca33d9a0ee160c5409674,5bd54fdb357b331a,66c96b2006dd5f7e,ts-seat-service-5c95b49cff-tdsdz,HTTP GET,1674992150379814870,1674992150383908948,4094
cf267ee89f8ca33d9a0ee160c5409674,a4992af0012a5fe1,be26d87fba172a9e,ts-seat-service-5c95b49cff-tdsdz,HTTP POST,1674992150390135143,1674992150395230477,5095
cf267ee89f8ca33d9a0ee160c5409674,8f44322e3f942801,be26d87fba172a9e,ts-seat-service-5c95b49cff-tdsdz,HTTP GET,1674992150396125281,1674992150399895860,3770
cf267ee89f8ca33d9a0ee160c5409674,fe5b582282eee107,0b29b47d0bd5f882,ts-seat-service-5c95b49cff-tdsdz,HTTP POST,1674992150406184352,1674992150410444291,4259
cf267ee89f8ca33d9a0ee160c5409674,45011093c5fc5c52,0b29b47d0bd5f882,ts-seat-service-5c95b49cff-tdsdz,HTTP GET,1674992150411313909,1674992150414425306,3111
cf267ee89f8ca33d9a0ee160c5409674,bb5773133f65e187,3959865bfb4689e1,ts-seat-service-5c95b49cff-tdsdz,HTTP POST,1674992150419962341,1674992150423927682,3965
cf267ee89f8ca33d9a0ee160c5409674,8d7f91d6b3b044f4,3959865bfb4689e1,ts-seat-service-5c95b49cff-tdsdz,HTTP GET,1674992150424835412,1674992150427968060,3132
cf267ee89f8ca33d9a0ee160c5409674,889f9fe5d68eb470,384066b0660041ce,ts-order-service-5b67c48447-mv5hb,/api/v1/orderservice/order/tickets,1674992150020000000,1674992150022899330,2899
cf267ee89f8ca33d9a0ee160c5409674,b5329a149876fa89,a50a375611d9470f,ts-order-service-5b67c48447-mv5hb,/api/v1/orderservice/order/tickets,1674992150283000000,1674992150286707263,3707
cf267ee89f8ca33d9a0ee160c5409674,49914de6b2249781,269c122154ac6fac,ts-order-service-5b67c48447-mv5hb,/api/v1/orderservice/order/tickets,1674992150303000000,1674992150306116437,3116
cf267ee89f8ca33d9a0ee160c5409674,5ee1d6d0d02c14b4,a4992af0012a5fe1,ts-order-service-5b67c48447-mv5hb,/api/v1/orderservice/order/tickets,1674992150392000000,1674992150394390658,2390
cf267ee89f8ca33d9a0ee160c5409674,f71d7531e8db8b36,fe5b582282eee107,ts-order-service-5b67c48447-mv5hb,/api/v1/orderservice/order/tickets,1674992150408000000,1674992150409927522,1927
cf267ee89f8ca33d9a0ee160c5409674,2b35be5bfcc0f975,bb5773133f65e187,ts-order-service-5b67c48447-mv5hb,/api/v1/orderservice/order/tickets,1674992150421000000,1674992150422730233,1730
cf267ee89f8ca33d9a0ee160c5409674,c66b13f9447be0f9,889f9fe5d68eb470,ts-order-service-5b67c48447-mv5hb,OrderController.getTicketListByDateAndTripId,1674992150020338893,1674992150022762729,2423
cf267ee89f8ca33d9a0ee160c5409674,d72372c12b5943b2,b5329a149876fa89,ts-order-service-5b67c48447-mv5hb,OrderController.getTicketListByDateAndTripId,1674992150283522008,1674992150286564914,3042
cf267ee89f8ca33d9a0ee160c5409674,ed5e8fbbae7d15ef,49914de6b2249781,ts-order-service-5b67c48447-mv5hb,OrderController.getTicketListByDateAndTripId,1674992150303391002,1674992150305962612,2571
cf267ee89f8ca33d9a0ee160c5409674,a7620d51647a9bb2,5ee1d6d0d02c14b4,ts-order-service-5b67c48447-mv5hb,OrderController.getTicketListByDateAndTripId,1674992150392323207,1674992150394280807,1957
cf267ee89f8ca33d9a0ee160c5409674,164389d5c8cd704d,f71d7531e8db8b36,ts-order-service-5b67c48447-mv5hb,OrderController.getTicketListByDateAndTripId,1674992150408235699,1674992150409836041,1600
cf267ee89f8ca33d9a0ee160c5409674,d842f9439f0c3aad,2b35be5bfcc0f975,ts-order-service-5b67c48447-mv5hb,OrderController.getTicketListByDateAndTripId,1674992150421165114,1674992150422648393,1483
cf267ee89f8ca33d9a0ee160c5409674,77773e653668fad9,c66b13f9447be0f9,ts-order-service-5b67c48447-mv5hb,OrderRepository.findByTravelDateAndTrainNumber,1674992150020826882,1674992150022268141,1441
cf267ee89f8ca33d9a0ee160c5409674,cf25f6d96bb2e31b,d72372c12b5943b2,ts-order-service-5b67c48447-mv5hb,OrderRepository.findByTravelDateAndTrainNumber,1674992150284340231,1674992150286092118,1751
cf267ee89f8ca33d9a0ee160c5409674,76df8db045bb7913,ed5e8fbbae7d15ef,ts-order-service-5b67c48447-mv5hb,OrderRepository.findByTravelDateAndTrainNumber,1674992150303909850,1674992150305458494,1548
cf267ee89f8ca33d9a0ee160c5409674,5f9494c08eeae2a9,a7620d51647a9bb2,ts-order-service-5b67c48447-mv5hb,OrderRepository.findByTravelDateAndTrainNumber,1674992150392765994,1674992150393908377,1142
cf267ee89f8ca33d9a0ee160c5409674,48606393df3035ef,164389d5c8cd704d,ts-order-service-5b67c48447-mv5hb,OrderRepository.findByTravelDateAndTrainNumber,1674992150408537991,1674992150409474606,936
cf267ee89f8ca33d9a0ee160c5409674,4d4a0b5bf56ce2a4,d842f9439f0c3aad,ts-order-service-5b67c48447-mv5hb,OrderRepository.findByTravelDateAndTrainNumber,1674992150421442143,1674992150422354866,912
cf267ee89f8ca33d9a0ee160c5409674,3aa55586fdb1fcaa,77773e653668fad9,ts-order-service-5b67c48447-mv5hb,SELECT Order,1674992150020904677,1674992150022257839,1353
cf267ee89f8ca33d9a0ee160c5409674,2cf5a9dcfe207f1c,cf25f6d96bb2e31b,ts-order-service-5b67c48447-mv5hb,SELECT Order,1674992150284434776,1674992150286080721,1645
cf267ee89f8ca33d9a0ee160c5409674,ec3177e36640eb7f,76df8db045bb7913,ts-order-service-5b67c48447-mv5hb,SELECT Order,1674992150303976906,1674992150305448335,1471
cf267ee89f8ca33d9a0ee160c5409674,59a2830217b3eede,5f9494c08eeae2a9,ts-order-service-5b67c48447-mv5hb,SELECT Order,1674992150392830615,1674992150393899830,1069
cf267ee89f8ca33d9a0ee160c5409674,16a040e9bdffafa8,48606393df3035ef,ts-order-service-5b67c48447-mv5hb,SELECT Order,1674992150408575891,1674992150409469004,893
cf267ee89f8ca33d9a0ee160c5409674,ee75d88bc232d793,4d4a0b5bf56ce2a4,ts-order-service-5b67c48447-mv5hb,SELECT Order,1674992150421474278,1674992150422350204,875
cf267ee89f8ca33d9a0ee160c5409674,55e8044d1a4a8ed3,3aa55586fdb1fcaa,ts-order-service-5b67c48447-mv5hb,SELECT ts.orders,1674992150021440427,1674992150022243032,802
cf267ee89f8ca33d9a0ee160c5409674,42004768b976b7d5,2cf5a9dcfe207f1c,ts-order-service-5b67c48447-mv5hb,SELECT ts.orders,1674992150285144992,1674992150286064027,919
cf267ee89f8ca33d9a0ee160c5409674,53772c667ccf16c9,ec3177e36640eb7f,ts-order-service-5b67c48447-mv5hb,SELECT ts.orders,1674992150304579869,1674992150305432439,852
cf267ee89f8ca33d9a0ee160c5409674,06bc4e7a38d806e9,59a2830217b3eede,ts-order-service-5b67c48447-mv5hb,SELECT ts.orders,1674992150392899738,1674992150393887934,988
cf267ee89f8ca33d9a0ee160c5409674,b54f64d1238fde37,16a040e9bdffafa8,ts-order-service-5b67c48447-mv5hb,SELECT ts.orders,1674992150408624243,1674992150409460425,836
cf267ee89f8ca33d9a0ee160c5409674,e9bcf049fd850093,ee75d88bc232d793,ts-order-service-5b67c48447-mv5hb,SELECT ts.orders,1674992150421513148,1674992150422342758,829
cf267ee89f8ca33d9a0ee160c5409674,c2515644391364c4,6d5d44e2e1bfca18,ts-config-service-5fcd447d84-wxwjd,/api/v1/configservice/configs/{configName},1674992150027000000,1674992150029330065,2330
cf267ee89f8ca33d9a0ee160c5409674,d4ecb5e6f443413f,d2d0a1c455cd42e0,ts-config-service-5fcd447d84-wxwjd,/api/v1/configservice/configs/{configName},1674992150290000000,1674992150292186713,2186
cf267ee89f8ca33d9a0ee160c5409674,165b861b8dbeb348,5bd54fdb357b331a,ts-config-service-5fcd447d84-wxwjd,/api/v1/configservice/configs/{configName},1674992150381000000,1674992150382752854,1752
cf267ee89f8ca33d9a0ee160c5409674,378e98bc8936401e,8f44322e3f942801,ts-config-service-5fcd447d84-wxwjd,/api/v1/configservice/configs/{configName},1674992150398000000,1674992150399591847,1591
cf267ee89f8ca33d9a0ee160c5409674,39976e9fb51be5f9,45011093c5fc5c52,ts-config-service-5fcd447d84-wxwjd,/api/v1/configservice/configs/{configName},1674992150412000000,1674992150413237873,1237
cf267ee89f8ca33d9a0ee160c5409674,1e5792037b56f6b5,8d7f91d6b3b044f4,ts-config-service-5fcd447d84-wxwjd,/api/v1/configservice/configs/{configName},1674992150426000000,1674992150427193043,1193
cf267ee89f8ca33d9a0ee160c5409674,c3a00d82eaf872b6,c2515644391364c4,ts-config-service-5fcd447d84-wxwjd,ConfigController.retrieve,1674992150027411195,1674992150029161088,1749
cf267ee89f8ca33d9a0ee160c5409674,32d48c639feaa548,d4ecb5e6f443413f,ts-config-service-5fcd447d84-wxwjd,ConfigController.retrieve,1674992150290356846,1674992150292068752,1711
cf267ee89f8ca33d9a0ee160c5409674,c442cad028d91e87,165b861b8dbeb348,ts-config-service-5fcd447d84-wxwjd,ConfigController.retrieve,1674992150381319266,1674992150382652922,1333
cf267ee89f8ca33d9a0ee160c5409674,799e68e10de28328,378e98bc8936401e,ts-config-service-5fcd447d84-wxwjd,ConfigController.retrieve,1674992150398292418,1674992150399493712,1201
cf267ee89f8ca33d9a0ee160c5409674,6e88f92e6636c13b,39976e9fb51be5f9,ts-config-service-5fcd447d84-wxwjd,ConfigController.retrieve,1674992150412181029,1674992150413155512,974
cf267ee89f8ca33d9a0ee160c5409674,b88e8a1e6d44eea7,1e5792037b56f6b5,ts-config-service-5fcd447d84-wxwjd,ConfigController.retrieve,1674992150426165876,1674992150427117977,952
cf267ee89f8ca33d9a0ee160c5409674,2298941dcb14a7c9,c3a00d82eaf872b6,ts-config-service-5fcd447d84-wxwjd,ConfigRepository.findByName,1674992150027801811,1674992150028704595,902
cf267ee89f8ca33d9a0ee160c5409674,d7e37241d3e23bed,32d48c639feaa548,ts-config-service-5fcd447d84-wxwjd,ConfigRepository.findByName,1674992150290684242,1674992150291662825,978
cf267ee89f8ca33d9a0ee160c5409674,0b3cd51ab70f94ac,c442cad028d91e87,ts-config-service-5fcd447d84-wxwjd,ConfigRepository.findByName,1674992150381570878,1674992150382292793,721
cf267ee89f8ca33d9a0ee160c5409674,29d5b40b3c71c3e0,799e68e10de28328,ts-config-service-5fcd447d84-wxwjd,ConfigRepository.findByName,1674992150398526808,1674992150399110867,584
cf267ee89f8ca33d9a0ee160c5409674,9492ffd1d980f294,6e88f92e6636c13b,ts-config-service-5fcd447d84-wxwjd,ConfigRepository.findByName,1674992150412380425,1674992150412833953,453
cf267ee89f8ca33d9a0ee160c5409674,c677c5ca43aeab27,b88e8a1e6d44eea7,ts-config-service-5fcd447d84-wxwjd,ConfigRepository.findByName,1674992150426370950,1674992150426812875,441
cf267ee89f8ca33d9a0ee160c5409674,7897f2793859491e,2298941dcb14a7c9,ts-config-service-5fcd447d84-wxwjd,SELECT Config,1674992150027863764,1674992150028701091,837
cf267ee89f8ca33d9a0ee160c5409674,3e29d4333a255772,d7e37241d3e23bed,ts-config-service-5fcd447d84-wxwjd,SELECT Config,1674992150290749322,1674992150291659853,910
cf267ee89f8ca33d9a0ee160c5409674,4d7d27e1a4377782,0b3cd51ab70f94ac,ts-config-service-5fcd447d84-wxwjd,SELECT Config,1674992150381626416,1674992150382290032,663
cf267ee89f8ca33d9a0ee160c5409674,431ec5ee0d827f9e,29d5b40b3c71c3e0,ts-config-service-5fcd447d84-wxwjd,SELECT Config,1674992150398569245,1674992150399107683,538
cf267ee89f8ca33d9a0ee160c5409674,83d3330f160063a1,9492ffd1d980f294,ts-config-service-5fcd447d84-wxwjd,SELECT Config,1674992150412409281,1674992150412832114,422
cf267ee89f8ca33d9a0ee160c5409674,8222e439fb5ddd1e,c677c5ca43aeab27,ts-config-service-5fcd447d84-wxwjd,SELECT Config,1674992150426395499,1674992150426810840,415
cf267ee89f8ca33d9a0ee160c5409674,5dcbbc159fdb686a,7897f2793859491e,ts-config-service-5fcd447d84-wxwjd,SELECT ts.config,1674992150028301009,1674992150028644629,343
cf267ee89f8ca33d9a0ee160c5409674,fcd8bf6c07139e9a,3e29d4333a255772,ts-config-service-5fcd447d84-wxwjd,SELECT ts.config,1674992150290817224,1674992150291615646,798
cf267ee89f8ca33d9a0ee160c5409674,9f8c064f438b7bb8,4d7d27e1a4377782,ts-config-service-5fcd447d84-wxwjd,SELECT ts.config,1674992150381682264,1674992150382256747,574
cf267ee89f8ca33d9a0ee160c5409674,2101ef97a73cbde7,431ec5ee0d827f9e,ts-config-service-5fcd447d84-wxwjd,SELECT ts.config,1674992150398615409,1674992150399077995,462
cf267ee89f8ca33d9a0ee160c5409674,42978466cf5ff5ac,83d3330f160063a1,ts-config-service-5fcd447d84-wxwjd,SELECT ts.config,1674992150412439523,1674992150412812406,372
cf267ee89f8ca33d9a0ee160c5409674,3f2e2841263ade0e,8222e439fb5ddd1e,ts-config-service-5fcd447d84-wxwjd,SELECT ts.config,1674992150426422157,1674992150426787695,365
fb317ba0ab041e92d16835f6ef148dda,c13ef0a38f482b5d,root,ts-gateway-service-6f6cfc45b-h5m2n,/*,1674992121202000000,1674992121326652662,124652
fb317ba0ab041e92d16835f6ef148dda,c333c475491749ef,c13ef0a38f482b5d,ts-gateway-service-6f6cfc45b-h5m2n,FilteringWebHandler.handle,1674992121202619756,1674992121326442238,123822
fb317ba0ab041e92d16835f6ef148dda,11504e32fdb3976e,c13ef0a38f482b5d,ts-gateway-service-6f6cfc45b-h5m2n,HTTP POST,1674992121203565841,1674992121326619869,123054
fb317ba0ab041e92d16835f6ef148dda,5ebfe187c6fa6f3f,11504e32fdb3976e,ts-inside-payment-service-6f94c49ccd-4rdb2,/api/v1/inside_pay_service/inside_payment,1674992121208000000,1674992121325815924,117815
fb317ba0ab041e92d16835f6ef148dda,48e5f8be04a919e4,5ebfe187c6fa6f3f,ts-inside-payment-service-6f94c49ccd-4rdb2,InsidePaymentController.pay,1674992121210749765,1674992121324619612,113869
fb317ba0ab041e92d16835f6ef148dda,225dc7cbb64c8706,48e5f8be04a919e4,ts-inside-payment-service-6f94c49ccd-4rdb2,HTTP GET,1674992121213086192,1674992121224026137,10939
fb317ba0ab041e92d16835f6ef148dda,16c4170ac27cd642,48e5f8be04a919e4,ts-inside-payment-service-6f94c49ccd-4rdb2,HTTP POST,1674992121274590688,1674992121302800999,28210
fb317ba0ab041e92d16835f6ef148dda,42b16d1504632fda,48e5f8be04a919e4,ts-inside-payment-service-6f94c49ccd-4rdb2,HTTP GET,1674992121311585388,1674992121323626736,12041
fb317ba0ab041e92d16835f6ef148dda,30efa4fc232bf59f,225dc7cbb64c8706,ts-order-service-5b67c48447-mv5hb,/api/v1/orderservice/order/{orderId},1674992121218000000,1674992121223066726,5066
fb317ba0ab041e92d16835f6ef148dda,46f73fafccb869c3,42b16d1504632fda,ts-order-service-5b67c48447-mv5hb,/api/v1/orderservice/order/status/{orderId}/{status},1674992121313000000,1674992121322491166,9491
fb317ba0ab041e92d16835f6ef148dda,f34a2035ccf2c7a3,30efa4fc232bf59f,ts-order-service-5b67c48447-mv5hb,OrderController.getOrderById,1674992121218613791,1674992121222871762,4257
fb317ba0ab041e92d16835f6ef148dda,49b9175223c87544,46f73fafccb869c3,ts-order-service-5b67c48447-mv5hb,OrderController.modifyOrder,1674992121313606093,1674992121322233916,8627
fb317ba0ab041e92d16835f6ef148dda,1b2671e883570fc5,f34a2035ccf2c7a3,ts-order-service-5b67c48447-mv5hb,OrderRepository.findById,1674992121219041195,1674992121222411420,3370
fb317ba0ab041e92d16835f6ef148dda,3a434b2c65211b5e,49b9175223c87544,ts-order-service-5b67c48447-mv5hb,OrderRepository.findById,1674992121314028738,1674992121316804097,2775
fb317ba0ab041e92d16835f6ef148dda,99a7b65573dd1fff,49b9175223c87544,ts-order-service-5b67c48447-mv5hb,OrderRepository.save,1674992121316823798,1674992121321735166,4911
fb317ba0ab041e92d16835f6ef148dda,3f0fb13c8a4583a5,1b2671e883570fc5,ts-order-service-5b67c48447-mv5hb,Session.find order.entity.Order,1674992121220426198,1674992121221356940,930
fb317ba0ab041e92d16835f6ef148dda,f73842e6a3a4d983,1b2671e883570fc5,ts-order-service-5b67c48447-mv5hb,Transaction.commit,1674992121221393111,1674992121222080166,687
fb317ba0ab041e92d16835f6ef148dda,ae71508f34d2e288,3a434b2c65211b5e,ts-order-service-5b67c48447-mv5hb,Session.find order.entity.Order,1674992121315011541,1674992121315755172,743
fb317ba0ab041e92d16835f6ef148dda,e2ae86d26e086283,3a434b2c65211b5e,ts-order-service-5b67c48447-mv5hb,Transaction.commit,1674992121315768633,1674992121316467180,698
fb317ba0ab041e92d16835f6ef148dda,16bd02c54bf64b5d,99a7b65573dd1fff,ts-order-service-5b67c48447-mv5hb,Session.merge order.entity.Order,1674992121317296090,1674992121317349299,53
fb317ba0ab041e92d16835f6ef148dda,e04be976606246e0,99a7b65573dd1fff,ts-order-service-5b67c48447-mv5hb,Transaction.commit,1674992121317355689,1674992121321725786,4370
fb317ba0ab041e92d16835f6ef148dda,61ae7e89883fe5f3,3f0fb13c8a4583a5,ts-order-service-5b67c48447-mv5hb,SELECT ts.orders,1674992121220628324,1674992121221193336,565
fb317ba0ab041e92d16835f6ef148dda,d458e1d267f4260f,ae71508f34d2e288,ts-order-service-5b67c48447-mv5hb,SELECT ts.orders,1674992121315099752,1674992121315631230,531
fb317ba0ab041e92d16835f6ef148dda,9a5c93f303f658dd,e04be976606246e0,ts-order-service-5b67c48447-mv5hb,UPDATE ts.orders,1674992121317559259,1674992121321007696,3448
fb317ba0ab041e92d16835f6ef148dda,c6b187fa70bdc8a2,48e5f8be04a919e4,ts-inside-payment-service-6f94c49ccd-4rdb2,PaymentRepository.findByUserId,1674992121224513763,1674992121271210825,46697
fb317ba0ab041e92d16835f6ef148dda,cc4543d95722e8b4,48e5f8be04a919e4,ts-inside-payment-service-6f94c49ccd-4rdb2,AddMoneyRepository.findByUserId,1674992121271252544,1674992121273436864,2184
fb317ba0ab041e92d16835f6ef148dda,ab0e8877b910c377,48e5f8be04a919e4,ts-inside-payment-service-6f94c49ccd-4rdb2,PaymentRepository.save,1674992121304550324,1674992121310982255,6431
fb317ba0ab041e92d16835f6ef148dda,b8ffcddb76846d0b,c6b187fa70bdc8a2,ts-inside-payment-service-6f94c49ccd-4rdb2,SELECT Payment,1674992121224916540,1674992121271143657,46227
fb317ba0ab041e92d16835f6ef148dda,46b47ad60e034118,cc4543d95722e8b4,ts-inside-payment-service-6f94c49ccd-4rdb2,SELECT Money,1674992121271639896,1674992121273398134,1758
fb317ba0ab041e92d16835f6ef148dda,db9b4ec90514c406,ab0e8877b910c377,ts-inside-payment-service-6f94c49ccd-4rdb2,Session.persist inside_payment.entity.Payment,1674992121305698850,1674992121305872041,173
fb317ba0ab041e92d16835f6ef148dda,14526f3d6fa09584,ab0e8877b910c377,ts-inside-payment-service-6f94c49ccd-4rdb2,Transaction.commit,1674992121305911388,1674992121310928024,5016
fb317ba0ab041e92d16835f6ef148dda,3a7d6c93960fe964,b8ffcddb76846d0b,ts-inside-payment-service-6f94c49ccd-4rdb2,SELECT ts.inside_payment,1674992121226318387,1674992121266494310,40175
fb317ba0ab041e92d16835f6ef148dda,396397adc446a73f,46b47ad60e034118,ts-inside-payment-service-6f94c49ccd-4rdb2,SELECT ts.inside_money,1674992121271829228,1674992121273025308,1196
fb317ba0ab041e92d16835f6ef148dda,1239c23f4c640fa1,14526f3d6fa09584,ts-inside-payment-service-6f94c49ccd-4rdb2,INSERT ts.inside_payment,1674992121307230130,1674992121309385050,2154
fb317ba0ab041e92d16835f6ef148dda,8d17e4fe7a11b2af,16c4170ac27cd642,ts-payment-service-7fc6f5476f-cr76x,/api/v1/paymentservice/payment,1674992121281000000,1674992121302412578,21412
fb317ba0ab041e92d16835f6ef148dda,dd8d6a581980b1f0,8d17e4fe7a11b2af,ts-payment-service-7fc6f5476f-cr76x,PaymentController.pay,1674992121285910362,1674992121301386406,15476
fb317ba0ab041e92d16835f6ef148dda,bb501adcfdfe1e02,dd8d6a581980b1f0,ts-payment-service-7fc6f5476f-cr76x,PaymentRepository.findByOrderId,1674992121288413475,1674992121293077007,4663
fb317ba0ab041e92d16835f6ef148dda,96e9d0ace46af51d,dd8d6a581980b1f0,ts-payment-service-7fc6f5476f-cr76x,PaymentRepository.save,1674992121293135646,1674992121300425728,7290
fb317ba0ab041e92d16835f6ef148dda,1903c77205524173,bb501adcfdfe1e02,ts-payment-service-7fc6f5476f-cr76x,SELECT Payment,1674992121289184041,1674992121292927105,3743
fb317ba0ab041e92d16835f6ef148dda,f93b81d463e4b638,96e9d0ace46af51d,ts-payment-service-7fc6f5476f-cr76x,Session.merge com.trainticket.entity.Payment,1674992121294216590,1674992121296166400,1949
fb317ba0ab041e92d16835f6ef148dda,8c8cad5eddd4472b,96e9d0ace46af51d,ts-payment-service-7fc6f5476f-cr76x,Transaction.commit,1674992121296258038,1674992121300386098,4128
fb317ba0ab041e92d16835f6ef148dda,16f4f93826f96812,1903c77205524173,ts-payment-service-7fc6f5476f-cr76x,SELECT ts.payment,1674992121291056603,1674992121292278010,1221
fb317ba0ab041e92d16835f6ef148dda,b426beb48649d747,f93b81d463e4b638,ts-payment-service-7fc6f5476f-cr76x,SELECT ts.payment,1674992121294701671,1674992121295597454,895
fb317ba0ab041e92d16835f6ef148dda,1c54d423b33fd23b,8c8cad5eddd4472b,ts-payment-service-7fc6f5476f-cr76x,INSERT ts.payment,1674992121296634294,1674992121299189664,2555
1e2295ff48e332eb12d576b8f96ebe1b,c6013129448fa349,root,ts-gateway-service-6f6cfc45b-h5m2n,/*,1674992152541000000,1674992152660143574,119143
1e2295ff48e332eb12d576b8f96ebe1b,fd06e4b9d80730db,c6013129448fa349,ts-gateway-service-6f6cfc45b-h5m2n,FilteringWebHandler.handle,1674992152541825933,1674992152659950727,118124
1e2295ff48e332eb12d576b8f96ebe1b,d338ebb73a1bf40c,c6013129448fa349,ts-gateway-service-6f6cfc45b-h5m2n,HTTP POST,1674992152542796720,1674992152660110545,117313
1e2295ff48e332eb12d576b8f96ebe1b,925a5a273d675813,d338ebb73a1bf40c,ts-travel-service-64469b5b48-25zj6,/api/v1/travelservice/trips/left,1674992152544000000,1674992152658943065,114943
1e2295ff48e332eb12d576b8f96ebe1b,eb670a2a82551769,925a5a273d675813,ts-travel-service-64469b5b48-25zj6,TravelController.queryInfo,1674992152544773844,1674992152658448660,113674
1e2295ff48e332eb12d576b8f96ebe1b,8bb673c46f7d9d89,eb670a2a82551769,ts-travel-service-64469b5b48-25zj6,TripRepository.findAll,1674992152545383770,1674992152547441810,2058
1e2295ff48e332eb12d576b8f96ebe1b,21742647f2a2635c,8bb673c46f7d9d89,ts-travel-service-64469b5b48-25zj6,SELECT Trip,1674992152546367713,1674992152546877342,509
1e2295ff48e332eb12d576b8f96ebe1b,1c2c9ac20ea336eb,8bb673c46f7d9d89,ts-travel-service-64469b5b48-25zj6,Transaction.commit,1674992152546896165,1674992152547270056,373
1e2295ff48e332eb12d576b8f96ebe1b,b5ad63b3883f7e71,21742647f2a2635c,ts-travel-service-64469b5b48-25zj6,SELECT ts.trip,1674992152546441571,1674992152546791003,349
1e2295ff48e332eb12d576b8f96ebe1b,4a521044b7249ab7,eb670a2a82551769,ts-travel-service-64469b5b48-25zj6,HTTP POST,1674992152548197265,1674992152593906173,45708
1e2295ff48e332eb12d576b8f96ebe1b,69f424aabf7d6a3f,eb670a2a82551769,ts-travel-service-64469b5b48-25zj6,HTTP POST,1674992152594785178,1674992152616076170,21290
1e2295ff48e332eb12d576b8f96ebe1b,da76d5ed221cec79,eb670a2a82551769,ts-travel-service-64469b5b48-25zj6,HTTP POST,1674992152616974358,1674992152657177519,40203
1e2295ff48e332eb12d576b8f96ebe1b,09e912fc6e849430,4a521044b7249ab7,ts-basic-service-5dc8d4f9fd-46997,/api/v1/basicservice/basic/travels,1674992152551000000,1674992152593604735,42604
1e2295ff48e332eb12d576b8f96ebe1b,257e719ad4b961f0,09e912fc6e849430,ts-basic-service-5dc8d4f9fd-46997,BasicController.queryForTravels,1674992152551394372,1674992152593453477,42059
1e2295ff48e332eb12d576b8f96ebe1b,184e0106785d5900,257e719ad4b961f0,ts-basic-service-5dc8d4f9fd-46997,HTTP POST,1674992152552358000,1674992152558373774,6015
1e2295ff48e332eb12d576b8f96ebe1b,ebdfb6690072e7d6,257e719ad4b961f0,ts-basic-service-5dc8d4f9fd-46997,HTTP POST,1674992152558868544,1674992152565382184,6513
1e2295ff48e332eb12d576b8f96ebe1b,0c864c480c97eef5,257e719ad4b961f0,ts-basic-service-5dc8d4f9fd-46997,HTTP POST,1674992152566194843,1674992152585121121,18926
1e2295ff48e332eb12d576b8f96ebe1b,10d8581992e78874,257e719ad4b961f0,ts-basic-service-5dc8d4f9fd-46997,HTTP POST,1674992152585971250,1674992152592255296,6284
1e2295ff48e332eb12d576b8f96ebe1b,c9b0d1390a8c3e18,184e0106785d5900,ts-station-service-7f4f5f6f77-5qb6j,/api/v1/stationservice/stations/idlist,1674992152553000000,1674992152557542636,4542
1e2295ff48e332eb12d576b8f96ebe1b,334404ae9da7307c,c9b0d1390a8c3e18,ts-station-service-7f4f5f6f77-5qb6j,StationController.queryForIdBatch,1674992152553468912,1674992152557399092,3930
1e2295ff48e332eb12d576b8f96ebe1b,d25983394396d5e8,334404ae9da7307c,ts-station-service-7f4f5f6f77-5qb6j,StationRepository.findByNames,1674992152553984187,1674992152557167952,3183
1e2295ff48e332eb12d576b8f96ebe1b,694b584616fe1a55,d25983394396d5e8,ts-station-service-7f4f5f6f77-5qb6j,SELECT station,1674992152554079116,1674992152557156627,3077
1e2295ff48e332eb12d576b8f96ebe1b,6043e7cc1c86ae44,694b584616fe1a55,ts-station-service-7f4f5f6f77-5qb6j,SELECT ts.station,1674992152556294168,1674992152557097063,802
1e2295ff48e332eb12d576b8f96ebe1b,c56ce6841d04cad6,ebdfb6690072e7d6,ts-train-service-86f5f97bc9-dkqmf,/api/v1/trainservice/trains/byNames,1674992152560000000,1674992152564847492,4847
1e2295ff48e332eb12d576b8f96ebe1b,21efb34e7aed1930,c56ce6841d04cad6,ts-train-service-86f5f97bc9-dkqmf,TrainController.retrieveByName,1674992152560792868,1674992152564484467,3691
1e2295ff48e332eb12d576b8f96ebe1b,d91e926a823530fe,21efb34e7aed1930,ts-train-service-86f5f97bc9-dkqmf,TrainTypeRepository.findByNames,1674992152561856031,1674992152564053208,2197
1e2295ff48e332eb12d576b8f96ebe1b,f7d21b8956187b89,d91e926a823530fe,ts-train-service-86f5f97bc9-dkqmf,SELECT train_type,1674992152562013217,1674992152564032213,2018
1e2295ff48e332eb12d576b8f96ebe1b,45e61f27a1d7cd7f,f7d21b8956187b89,ts-train-service-86f5f97bc9-dkqmf,SELECT ts.train_type,1674992152563035841,1674992152563907458,871
1e2295ff48e332eb12d576b8f96ebe1b,51355b579f78b547,0c864c480c97eef5,ts-route-service-b6c59fb57-zv8dt,/api/v1/routeservice/routes/byIds/,1674992152568000000,1674992152584066307,16066
1e2295ff48e332eb12d576b8f96ebe1b,4422b714d78a1ee4,51355b579f78b547,ts-route-service-b6c59fb57-zv8dt,RouteController.queryByIds,1674992152569140399,1674992152583710689,14570
1e2295ff48e332eb12d576b8f96ebe1b,588e8693d2b5604e,4422b714d78a1ee4,ts-route-service-b6c59fb57-zv8dt,RouteRepository.findByIds,1674992152570393392,1674992152574583542,4190
1e2295ff48e332eb12d576b8f96ebe1b,46760c2981268aee,588e8693d2b5604e,ts-route-service-b6c59fb57-zv8dt,SELECT route,1674992152570620351,1674992152574559131,3938
1e2295ff48e332eb12d576b8f96ebe1b,346f06828057e2f5,46760c2981268aee,ts-route-service-b6c59fb57-zv8dt,SELECT ts.route,1674992152573409258,1674992152574309187,899
1e2295ff48e332eb12d576b8f96ebe1b,81c797ad3918c63a,4422b714d78a1ee4,ts-route-service-b6c59fb57-zv8dt,SELECT ts.route_stations,1674992152575022703,1674992152576101686,1078
1e2295ff48e332eb12d576b8f96ebe1b,458d1648e98d06b9,4422b714d78a1ee4,ts-route-service-b6c59fb57-zv8dt,SELECT ts.route_distances,1674992152576350895,1674992152577324835,973
1e2295ff48e332eb12d576b8f96ebe1b,43f5573ef3b28d09,4422b714d78a1ee4,ts-route-service-b6c59fb57-zv8dt,SELECT ts.route_stations,1674992152577505092,1674992152578324234,819
1e2295ff48e332eb12d576b8f96ebe1b,a86cada6d6404c62,4422b714d78a1ee4,ts-route-service-b6c59fb57-zv8dt,SELECT ts.route_distances,1674992152578445482,1674992152579141157,695
1e2295ff48e332eb12d576b8f96ebe1b,7ce161a131d44902,4422b714d78a1ee4,ts-route-service-b6c59fb57-zv8dt,SELECT ts.route_stations,1674992152579223146,1674992152579884199,661
1e2295ff48e332eb12d576b8f96ebe1b,954e755485bf37e0,4422b714d78a1ee4,ts-route-service-b6c59fb57-zv8dt,SELECT ts.route_distances,1674992152579980182,1674992152580638463,658
1e2295ff48e332eb12d576b8f96ebe1b,b05b394792344071,4422b714d78a1ee4,ts-route-service-b6c59fb57-zv8dt,SELECT ts.route_stations,1674992152580706795,1674992152581395970,689
1e2295ff48e332eb12d576b8f96ebe1b,41e6cb987823ae7d,4422b714d78a1ee4,ts-route-service-b6c59fb57-zv8dt,SELECT ts.route_distances,1674992152581452716,1674992152582095788,643
1e2295ff48e332eb12d576b8f96ebe1b,e99dcb83811d3007,4422b714d78a1ee4,ts-route-service-b6c59fb57-zv8dt,SELECT ts.route_stations,1674992152582151094,1674992152582777619,626
1e2295ff48e332eb12d576b8f96ebe1b,ae59ee6d3a20b055,4422b714d78a1ee4,ts-route-service-b6c59fb57-zv8dt,SELECT ts.route_distances,1674992152582830803,1674992152583515694,684
1e2295ff48e332eb12d576b8f96ebe1b,da5a4e6c3c79e3f0,10d8581992e78874,ts-price-service-76846864d9-g465z,/api/v1/priceservice/prices/byRouteIdsAndTrainTypes,1674992152587000000,1674992152591668519,4668
1e2295ff48e332eb12d576b8f96ebe1b,5d4ce02592480ef4,da5a4e6c3c79e3f0,ts-price-service-76846864d9-g465z,PriceController.query,1674992152587759568,1674992152591312786,3553
1e2295ff48e332eb12d576b8f96ebe1b,2bc42f103fb4e8bc,5d4ce02592480ef4,ts-price-service-76846864d9-g465z,PriceConfigRepository.findByRouteIdsAndTrainTypes,1674992152588840302,1674992152590884916,2044
1e2295ff48e332eb12d576b8f96ebe1b,f1c412c25b05460c,2bc42f103fb4e8bc,ts-price-service-76846864d9-g465z,SELECT price_config,1674992152589015482,1674992152590865266,1849
1e2295ff48e332eb12d576b8f96ebe1b,c612aefb375592b6,f1c412c25b05460c,ts-price-service-76846864d9-g465z,SELECT ts.price_config,1674992152589941039,1674992152590734997,793
1e2295ff48e332eb12d576b8f96ebe1b,e0e90a9332890102,69f424aabf7d6a3f,ts-seat-service-5c95b49cff-tdsdz,/api/v1/seatservice/seats/left_tickets,1674992152598000000,1674992152615363502,17363
1e2295ff48e332eb12d576b8f96ebe1b,e0c31d6816a26325,da76d5ed221cec79,ts-seat-service-5c95b49cff-tdsdz,/api/v1/seatservice/seats/left_tickets,1674992152618000000,1674992152656482378,38482
1e2295ff48e332eb12d576b8f96ebe1b,6d0447c6b06983bf,e0e90a9332890102,ts-seat-service-5c95b49cff-tdsdz,SeatController.getLeftTicketOfInterval,1674992152598555534,1674992152615114535,16559
1e2295ff48e332eb12d576b8f96ebe1b,22176ee459ec35ae,e0c31d6816a26325,ts-seat-service-5c95b49cff-tdsdz,SeatController.getLeftTicketOfInterval,1674992152618487984,1674992152656240955,37752
1e2295ff48e332eb12d576b8f96ebe1b,3861ceb318488715,6d0447c6b06983bf,ts-seat-service-5c95b49cff-tdsdz,HTTP POST,1674992152600623950,1674992152607927270,7303
1e2295ff48e332eb12d576b8f96ebe1b,75285fae533aef50,6d0447c6b06983bf,ts-seat-service-5c95b49cff-tdsdz,HTTP GET,1674992152609056688,1674992152614064071,5007
1e2295ff48e332eb12d576b8f96ebe1b,c1e5e67d75698971,22176ee459ec35ae,ts-seat-service-5c95b49cff-tdsdz,HTTP POST,1674992152620119319,1674992152624825987,4706
1e2295ff48e332eb12d576b8f96ebe1b,6630969cab754084,22176ee459ec35ae,ts-seat-service-5c95b49cff-tdsdz,HTTP GET,1674992152625624287,1674992152654990970,29366
1e2295ff48e332eb12d576b8f96ebe1b,05df70355cb51dab,3861ceb318488715,ts-order-service-5b67c48447-mv5hb,/api/v1/orderservice/order/tickets,1674992152604000000,1674992152607025712,3025
1e2295ff48e332eb12d576b8f96ebe1b,3cf3127573a857f5,c1e5e67d75698971,ts-order-service-5b67c48447-mv5hb,/api/v1/orderservice/order/tickets,1674992152622000000,1674992152624421028,2421
1e2295ff48e332eb12d576b8f96ebe1b,9b39833687f9a266,05df70355cb51dab,ts-order-service-5b67c48447-mv5hb,OrderController.getTicketListByDateAndTripId,1674992152604379797,1674992152606902976,2523
1e2295ff48e332eb12d576b8f96ebe1b,8b53a8e5d09a4360,3cf3127573a857f5,ts-order-service-5b67c48447-mv5hb,OrderController.getTicketListByDateAndTripId,1674992152622232643,1674992152624322926,2090
1e2295ff48e332eb12d576b8f96ebe1b,130717b986b5fe78,9b39833687f9a266,ts-order-service-5b67c48447-mv5hb,OrderRepository.findByTravelDateAndTrainNumber,1674992152604945239,1674992152606467047,1521
1e2295ff48e332eb12d576b8f96ebe1b,8dea214bf599244c,8b53a8e5d09a4360,ts-order-service-5b67c48447-mv5hb,OrderRepository.findByTravelDateAndTrainNumber,1674992152622567318,1674992152623963175,1395
1e2295ff48e332eb12d576b8f96ebe1b,b939c3450a580976,130717b986b5fe78,ts-order-service-5b67c48447-mv5hb,SELECT Order,1674992152605052199,1674992152606458478,1406
1e2295ff48e332eb12d576b8f96ebe1b,aebceb4d4f23b284,8dea214bf599244c,ts-order-service-5b67c48447-mv5hb,SELECT Order,1674992152622615105,1674992152623956338,1341
1e2295ff48e332eb12d576b8f96ebe1b,ec02874db7b35f5e,b939c3450a580976,ts-order-service-5b67c48447-mv5hb,SELECT ts.orders,1674992152605622705,1674992152606446559,823
1e2295ff48e332eb12d576b8f96ebe1b,155c142d85e4967c,aebceb4d4f23b284,ts-order-service-5b67c48447-mv5hb,SELECT ts.orders,1674992152623146531,1674992152623945484,798
1e2295ff48e332eb12d576b8f96ebe1b,df2f51d6d58161ec,75285fae533aef50,ts-config-service-5fcd447d84-wxwjd,/api/v1/configservice/configs/{configName},1674992152611000000,1674992152613297321,2297
1e2295ff48e332eb12d576b8f96ebe1b,22e7963f54cd4484,6630969cab754084,ts-config-service-5fcd447d84-wxwjd,/api/v1/configservice/configs/{configName},1674992152627000000,1674992152628513841,1513
1e2295ff48e332eb12d576b8f96ebe1b,c8a4abaadd52f5bd,df2f51d6d58161ec,ts-config-service-5fcd447d84-wxwjd,ConfigController.retrieve,1674992152611423351,1674992152613181418,1758
1e2295ff48e332eb12d576b8f96ebe1b,6311314afd1db7cd,22e7963f54cd4484,ts-config-service-5fcd447d84-wxwjd,ConfigController.retrieve,1674992152627252048,1674992152628372176,1120
1e2295ff48e332eb12d576b8f96ebe1b,2e58d477b521de96,c8a4abaadd52f5bd,ts-config-service-5fcd447d84-wxwjd,ConfigRepository.findByName,1674992152611842980,1674992152612770301,927
1e2295ff48e332eb12d576b8f96ebe1b,3b19ed0c45a26186,6311314afd1db7cd,ts-config-service-5fcd447d84-wxwjd,ConfigRepository.findByName,1674992152627485415,1674992152628019903,534
1e2295ff48e332eb12d576b8f96ebe1b,d1a4f31631b67d9e,2e58d477b521de96,ts-config-service-5fcd447d84-wxwjd,SELECT Config,1674992152611913081,1674992152612767132,854
1e2295ff48e332eb12d576b8f96ebe1b,fa186690d10fd1d4,3b19ed0c45a26186,ts-config-service-5fcd447d84-wxwjd,SELECT Config,1674992152627523603,1674992152628017284,493
1e2295ff48e332eb12d576b8f96ebe1b,9ae5b71093c59d8e,d1a4f31631b67d9e,ts-config-service-5fcd447d84-wxwjd,SELECT ts.config,1674992152612373661,1674992152612722077,348
1e2295ff48e332eb12d576b8f96ebe1b,833db2c1524691ff,fa186690d10fd1d4,ts-config-service-5fcd447d84-wxwjd,SELECT ts.config,1674992152627565150,1674992152627969124,403
76d214f0932ca3536f2204e26e189ea5,accb43f69a102552,root,ts-gateway-service-6f6cfc45b-h5m2n,/*,1674992165756000000,1674992165845283562,89283
76d214f0932ca3536f2204e26e189ea5,0a26c6027d80e42d,accb43f69a102552,ts-gateway-service-6f6cfc45b-h5m2n,FilteringWebHandler.handle,1674992165756845685,1674992165845023943,88178
76d214f0932ca3536f2204e26e189ea5,41e9f01e068d4f22,accb43f69a102552,ts-gateway-service-6f6cfc45b-h5m2n,HTTP POST,1674992165757688075,1674992165845176210,87488
76d214f0932ca3536f2204e26e189ea5,a05eda86c1c00462,41e9f01e068d4f22,ts-travel-service-64469b5b48-25zj6,/api/v1/travelservice/trips/left,1674992165760000000,1674992165844424243,84424
76d214f0932ca3536f2204e26e189ea5,2831ba2deaad027e,a05eda86c1c00462,ts-travel-service-64469b5b48-25zj6,TravelController.queryInfo,1674992165760807512,1674992165844088743,83281
76d214f0932ca3536f2204e26e189ea5,6ceb273d689c38fe,2831ba2deaad027e,ts-travel-service-64469b5b48-25zj6,TripRepository.findAll,1674992165761537538,1674992165763565066,2027
76d214f0932ca3536f2204e26e189ea5,155343e6c6779480,6ceb273d689c38fe,ts-travel-service-64469b5b48-25zj6,SELECT Trip,1674992165762550120,1674992165763058998,508
76d214f0932ca3536f2204e26e189ea5,4cab4553645b0336,6ceb273d689c38fe,ts-travel-service-64469b5b48-25zj6,Transaction.commit,1674992165763089661,1674992165763416116,326
76d214f0932ca3536f2204e26e189ea5,32ec316933437ee0,155343e6c6779480,ts-travel-service-64469b5b48-25zj6,SELECT ts.trip,1674992165762633172,1674992165762963699,330
76d214f0932ca3536f2204e26e189ea5,c38cc44aa732409d,2831ba2deaad027e,ts-travel-service-64469b5b48-25zj6,HTTP POST,1674992165764360499,1674992165808018663,43658
76d214f0932ca3536f2204e26e189ea5,e4625a6bb8fcaf72,2831ba2deaad027e,ts-travel-service-64469b5b48-25zj6,HTTP POST,1674992165808986887,1674992165828046653,19059
76d214f0932ca3536f2204e26e189ea5,c131e623e6ad9702,2831ba2deaad027e,ts-travel-service-64469b5b48-25zj6,HTTP POST,1674992165828807757,1674992165843057482,14249
76d214f0932ca3536f2204e26e189ea5,cf33b4f16cd57b6e,c38cc44aa732409d,ts-basic-service-5dc8d4f9fd-46997,/api/v1/basicservice/basic/travels,1674992165765000000,1674992165807001166,42001
76d214f0932ca3536f2204e26e189ea5,b7c0e9e3092f13a3,cf33b4f16cd57b6e,ts-basic-service-5dc8d4f9fd-46997,BasicController.queryForTravels,1674992165765374953,1674992165806869474,41494
76d214f0932ca3536f2204e26e189ea5,0e9ac055c313cda0,b7c0e9e3092f13a3,ts-basic-service-5dc8d4f9fd-46997,HTTP POST,1674992165766409831,1674992165770616348,4206
76d214f0932ca3536f2204e26e189ea5,f75d29f85fc7ca72,b7c0e9e3092f13a3,ts-basic-service-5dc8d4f9fd-46997,HTTP POST,1674992165771147999,1674992165778504382,7356
76d214f0932ca3536f2204e26e189ea5,e2a4813eac6a57ae,b7c0e9e3092f13a3,ts-basic-service-5dc8d4f9fd-46997,HTTP POST,1674992165779272749,1674992165797789802,18517
76d214f0932ca3536f2204e26e189ea5,35969c2d1a4741a8,b7c0e9e3092f13a3,ts-basic-service-5dc8d4f9fd-46997,HTTP POST,1674992165798994792,1674992165805622172,6627
76d214f0932ca3536f2204e26e189ea5,45614f379abbd013,0e9ac055c313cda0,ts-station-service-7f4f5f6f77-5qb6j,/api/v1/stationservice/stations/idlist,1674992165768000000,1674992165771117549,3117
76d214f0932ca3536f2204e26e189ea5,74e7c15d7da41712,45614f379abbd013,ts-station-service-7f4f5f6f77-5qb6j,StationController.queryForIdBatch,1674992165768407883,1674992165770887681,2479
76d214f0932ca3536f2204e26e189ea5,ce6bba2fa2d13fe5,74e7c15d7da41712,ts-station-service-7f4f5f6f77-5qb6j,StationRepository.findByNames,1674992165768948546,1674992165770552253,1603
76d214f0932ca3536f2204e26e189ea5,dd8c4321e57f363f,ce6bba2fa2d13fe5,ts-station-service-7f4f5f6f77-5qb6j,SELECT station,1674992165769036707,1674992165770532044,1495
76d214f0932ca3536f2204e26e189ea5,409551c4f0ae005a,dd8c4321e57f363f,ts-station-service-7f4f5f6f77-5qb6j,SELECT ts.station,1674992165769810256,1674992165770446907,636
76d214f0932ca3536f2204e26e189ea5,1d0aabbadd781c94,f75d29f85fc7ca72,ts-train-service-86f5f97bc9-dkqmf,/api/v1/trainservice/trains/byNames,1674992165773000000,1674992165778234164,5234
76d214f0932ca3536f2204e26e189ea5,7e78b54963007ee4,1d0aabbadd781c94,ts-train-service-86f5f97bc9-dkqmf,TrainController.retrieveByName,1674992165773811490,1674992165777857122,4045
76d214f0932ca3536f2204e26e189ea5,084ef32e079f1812,7e78b54963007ee4,ts-train-service-86f5f97bc9-dkqmf,TrainTypeRepository.findByNames,1674992165775098499,1674992165777379888,2281
76d214f0932ca3536f2204e26e189ea5,ef54a35eabded31d,084ef32e079f1812,ts-train-service-86f5f97bc9-dkqmf,SELECT train_type,1674992165775270422,1674992165777358241,2087
76d214f0932ca3536f2204e26e189ea5,c05b4d6653dfe721,ef54a35eabded31d,ts-train-service-86f5f97bc9-dkqmf,SELECT ts.train_type,1674992165776283706,1674992165777224757,941
76d214f0932ca3536f2204e26e189ea5,fc6e5ed6d09b1c13,e2a4813eac6a57ae,ts-route-service-b6c59fb57-zv8dt,/api/v1/routeservice/routes/byIds/,1674992165782000000,1674992165798280031,16280
76d214f0932ca3536f2204e26e189ea5,7d60988ddfec9984,fc6e5ed6d09b1c13,ts-route-service-b6c59fb57-zv8dt,RouteController.queryByIds,1674992165783193164,1674992165797751602,14558
76d214f0932ca3536f2204e26e189ea5,f126fdaf4253f01a,7d60988ddfec9984,ts-route-service-b6c59fb57-zv8dt,RouteRepository.findByIds,1674992165784732311,1674992165787555610,2823
76d214f0932ca3536f2204e26e189ea5,62114d93b5821d3e,f126fdaf4253f01a,ts-route-service-b6c59fb57-zv8dt,SELECT route,1674992165785012856,1674992165787525468,2512
76d214f0932ca3536f2204e26e189ea5,d783dc5a1db2333a,62114d93b5821d3e,ts-route-service-b6c59fb57-zv8dt,SELECT ts.route,1674992165786294939,1674992165787220359,925
76d214f0932ca3536f2204e26e189ea5,f08c3b0e674c963a,7d60988ddfec9984,ts-route-service-b6c59fb57-zv8dt,SELECT ts.route_stations,1674992165788122505,1674992165789201647,1079
76d214f0932ca3536f2204e26e189ea5,fa84d5aa001e6539,7d60988ddfec9984,ts-route-service-b6c59fb57-zv8dt,SELECT ts.route_distances,1674992165789445613,1674992165790341889,896
76d214f0932ca3536f2204e26e189ea5,926436c446e48756,7d60988ddfec9984,ts-route-service-b6c59fb57-zv8dt,SELECT ts.route_stations,1674992165790536186,1674992165791261858,725
76d214f0932ca3536f2204e26e189ea5,3ac7ec2a77a729ad,7d60988ddfec9984,ts-route-service-b6c59fb57-zv8dt,SELECT ts.route_distances,1674992165791417721,1674992165792157833,740
76d214f0932ca3536f2204e26e189ea5,10bf1a9665660c81,7d60988ddfec9984,ts-route-service-b6c59fb57-zv8dt,SELECT ts.route_stations,1674992165792329145,1674992165793047665,718
76d214f0932ca3536f2204e26e189ea5,1b4a6227167c67ae,7d60988ddfec9984,ts-route-service-b6c59fb57-zv8dt,SELECT ts.route_distances,1674992165793188587,1674992165793890598,702
76d214f0932ca3536f2204e26e189ea5,5e129d060e98fbb6,7d60988ddfec9984,ts-route-service-b6c59fb57-zv8dt,SELECT ts.route_stations,1674992165794027340,1674992165794752399,725
76d214f0932ca3536f2204e26e189ea5,5959469ae5787c94,7d60988ddfec9984,ts-route-service-b6c59fb57-zv8dt,SELECT ts.route_distances,1674992165794891208,1674992165795665089,773
76d214f0932ca3536f2204e26e189ea5,4d274e55a8622a62,7d60988ddfec9984,ts-route-service-b6c59fb57-zv8dt,SELECT ts.route_stations,1674992165795813703,1674992165796547236,733
76d214f0932ca3536f2204e26e189ea5,6e75609618c0d63b,7d60988ddfec9984,ts-route-service-b6c59fb57-zv8dt,SELECT ts.route_distances,1674992165796655155,1674992165797406028,750
76d214f0932ca3536f2204e26e189ea5,391cc4d5bfd58169,35969c2d1a4741a8,ts-price-service-76846864d9-g465z,/api/v1/priceservice/prices/byRouteIdsAndTrainTypes,1674992165801000000,1674992165806040604,5040
76d214f0932ca3536f2204e26e189ea5,5564ad1eacbb1b9c,391cc4d5bfd58169,ts-price-service-76846864d9-g465z,PriceController.query,1674992165801795838,1674992165805552852,3757
76d214f0932ca3536f2204e26e189ea5,72f5b17832fc574d,5564ad1eacbb1b9c,ts-price-service-76846864d9-g465z,PriceConfigRepository.findByRouteIdsAndTrainTypes,1674992165802798322,1674992165805042944,2244
76d214f0932ca3536f2204e26e189ea5,0e78db1408e5437c,72f5b17832fc574d,ts-price-service-76846864d9-g465z,SELECT price_config,1674992165802968401,1674992165805023078,2054
76d214f0932ca3536f2204e26e189ea5,dce4e1193a736d7e,0e78db1408e5437c,ts-price-service-76846864d9-g465z,SELECT ts.price_config,1674992165804121167,1674992165804901579,780
76d214f0932ca3536f2204e26e189ea5,395c53c5b4abde9c,e4625a6bb8fcaf72,ts-seat-service-5c95b49cff-tdsdz,/api/v1/seatservice/seats/left_tickets,1674992165810000000,1674992165826997578,16997
76d214f0932ca3536f2204e26e189ea5,2f86676e9e15ce52,c131e623e6ad9702,ts-seat-service-5c95b49cff-tdsdz,/api/v1/seatservice/seats/left_tickets,1674992165830000000,1674992165842670221,12670
76d214f0932ca3536f2204e26e189ea5,437286e6ca648482,395c53c5b4abde9c,ts-seat-service-5c95b49cff-tdsdz,SeatController.getLeftTicketOfInterval,1674992165810569566,1674992165826722018,16152
76d214f0932ca3536f2204e26e189ea5,f0f6f065e7ae163c,2f86676e9e15ce52,ts-seat-service-5c95b49cff-tdsdz,SeatController.getLeftTicketOfInterval,1674992165830491532,1674992165842459313,11967
76d214f0932ca3536f2204e26e189ea5,e7eb83700c7469af,437286e6ca648482,ts-seat-service-5c95b49cff-tdsdz,HTTP POST,1674992165812761504,1674992165819532313,6770
76d214f0932ca3536f2204e26e189ea5,b443185c703d69cc,437286e6ca648482,ts-seat-service-5c95b49cff-tdsdz,HTTP GET,1674992165820683690,1674992165825529638,4845
76d214f0932ca3536f2204e26e189ea5,347ae6342d11b9b0,f0f6f065e7ae163c,ts-seat-service-5c95b49cff-tdsdz,HTTP POST,1674992165832230423,1674992165836858168,4627
76d214f0932ca3536f2204e26e189ea5,1b2415b5d5c18d7d,f0f6f065e7ae163c,ts-seat-service-5c95b49cff-tdsdz,HTTP GET,1674992165837819204,1674992165841467104,3647
76d214f0932ca3536f2204e26e189ea5,8c5ebf62747d74f6,e7eb83700c7469af,ts-order-service-5b67c48447-mv5hb,/api/v1/orderservice/order/tickets,1674992165815000000,1674992165818770886,3770
76d214f0932ca3536f2204e26e189ea5,73c971aa4372ddc8,347ae6342d11b9b0,ts-order-service-5b67c48447-mv5hb,/api/v1/orderservice/order/tickets,1674992165833000000,1674992165835107906,2107
76d214f0932ca3536f2204e26e189ea5,c78ce2334a10702e,8c5ebf62747d74f6,ts-order-service-5b67c48447-mv5hb,OrderController.getTicketListByDateAndTripId,1674992165815347411,1674992165818655500,3308
76d214f0932ca3536f2204e26e189ea5,d738e6c87b55d8be,73c971aa4372ddc8,ts-order-service-5b67c48447-mv5hb,OrderController.getTicketListByDateAndTripId,1674992165833248403,1674992165834984618,1736
76d214f0932ca3536f2204e26e189ea5,3b47f43caef4d8c1,c78ce2334a10702e,ts-order-service-5b67c48447-mv5hb,OrderRepository.findByTravelDateAndTrainNumber,1674992165815843209,1674992165818216151,2372
76d214f0932ca3536f2204e26e189ea5,509b6a682fb7e280,d738e6c87b55d8be,ts-order-service-5b67c48447-mv5hb,OrderRepository.findByTravelDateAndTrainNumber,1674992165833597985,1674992165834614301,1016
76d214f0932ca3536f2204e26e189ea5,d565582023a38cf4,3b47f43caef4d8c1,ts-order-service-5b67c48447-mv5hb,SELECT Order,1674992165815903653,1674992165818206586,2302
76d214f0932ca3536f2204e26e189ea5,7929793cd92b4173,509b6a682fb7e280,ts-order-service-5b67c48447-mv5hb,SELECT Order,1674992165833644661,1674992165834605678,961
76d214f0932ca3536f2204e26e189ea5,b9783f1edfbd87d0,d565582023a38cf4,ts-order-service-5b67c48447-mv5hb,SELECT ts.orders,1674992165817359846,1674992165818184121,824
76d214f0932ca3536f2204e26e189ea5,dd56cc2ac1226c5a,7929793cd92b4173,ts-order-service-5b67c48447-mv5hb,SELECT ts.orders,1674992165833704455,1674992165834592387,887
76d214f0932ca3536f2204e26e189ea5,dc9520145d0557e2,b443185c703d69cc,ts-config-service-5fcd447d84-wxwjd,/api/v1/configservice/configs/{configName},1674992165823000000,1674992165825271353,2271
76d214f0932ca3536f2204e26e189ea5,fe28248b8eddebb2,1b2415b5d5c18d7d,ts-config-service-5fcd447d84-wxwjd,/api/v1/configservice/configs/{configName},1674992165839000000,1674992165840289028,1289
76d214f0932ca3536f2204e26e189ea5,3d9c756ce0721e0c,dc9520145d0557e2,ts-config-service-5fcd447d84-wxwjd,ConfigController.retrieve,1674992165823441909,1674992165825158570,1716
76d214f0932ca3536f2204e26e189ea5,5f261712089c7a41,fe28248b8eddebb2,ts-config-service-5fcd447d84-wxwjd,ConfigController.retrieve,1674992165839192862,1674992165840193232,1000
76d214f0932ca3536f2204e26e189ea5,9aa1ea9e4efc6d66,3d9c756ce0721e0c,ts-config-service-5fcd447d84-wxwjd,ConfigRepository.findByName,1674992165823842610,1674992165824729155,886
76d214f0932ca3536f2204e26e189ea5,b06dc01230d0f820,5f261712089c7a41,ts-config-service-5fcd447d84-wxwjd,ConfigRepository.findByName,1674992165839409827,1674992165839886345,476
76d214f0932ca3536f2204e26e189ea5,8240983b134d501a,9aa1ea9e4efc6d66,ts-config-service-5fcd447d84-wxwjd,SELECT Config,1674992165823909920,1674992165824725683,815
76d214f0932ca3536f2204e26e189ea5,1364325a239f041e,b06dc01230d0f820,ts-config-service-5fcd447d84-wxwjd,SELECT Config,1674992165839461847,1674992165839884081,422
76d214f0932ca3536f2204e26e189ea5,d8e5b9b7ef18db07,8240983b134d501a,ts-config-service-5fcd447d84-wxwjd,SELECT ts.config,1674992165824345501,1674992165824684033,338
76d214f0932ca3536f2204e26e189ea5,59766ef15d4132f7,1364325a239f041e,ts-config-service-5fcd447d84-wxwjd,SELECT ts.config,1674992165839496389,1674992165839862662,366
20e13a6b7878b4be277c2736416a01fc,653aa8ed4ad83a57,root,ts-gateway-service-6f6cfc45b-h5m2n,/*,1674992156475000000,1674992156505033173,30033
20e13a6b7878b4be277c2736416a01fc,ebdfce1df0cc17e1,653aa8ed4ad83a57,ts-gateway-service-6f6cfc45b-h5m2n,FilteringWebHandler.handle,1674992156475690049,1674992156504806560,29116
20e13a6b7878b4be277c2736416a01fc,7d3a716b07d0e3ea,653aa8ed4ad83a57,ts-gateway-service-6f6cfc45b-h5m2n,HTTP POST,1674992156476695869,1674992156504975691,28279
20e13a6b7878b4be277c2736416a01fc,2b1ab252bb2bbfec,7d3a716b07d0e3ea,ts-inside-payment-service-6f94c49ccd-4rdb2,/api/v1/inside_pay_service/inside_payment,1674992156481000000,1674992156503531963,22531
20e13a6b7878b4be277c2736416a01fc,96f3a05e88f05ffe,2b1ab252bb2bbfec,ts-inside-payment-service-6f94c49ccd-4rdb2,InsidePaymentController.pay,1674992156485269935,1674992156502337758,17067
20e13a6b7878b4be277c2736416a01fc,d417acc52546ce66,96f3a05e88f05ffe,ts-inside-payment-service-6f94c49ccd-4rdb2,HTTP GET,1674992156488708467,1674992156499938561,11230
20e13a6b7878b4be277c2736416a01fc,b02cf559c83246af,d417acc52546ce66,ts-order-other-service-6cdbf9b4cc-h7mqk,/api/v1/orderOtherService/orderOther/{orderId},1674992156493000000,1674992156497395194,4395
20e13a6b7878b4be277c2736416a01fc,61d1be96316879ac,b02cf559c83246af,ts-order-other-service-6cdbf9b4cc-h7mqk,OrderOtherController.getOrderById,1674992156493726728,1674992156497172452,3445
20e13a6b7878b4be277c2736416a01fc,3040c4f11668f6bb,61d1be96316879ac,ts-order-other-service-6cdbf9b4cc-h7mqk,OrderOtherRepository.findById,1674992156494193029,1674992156496733073,2540
20e13a6b7878b4be277c2736416a01fc,ec4662834fdf113c,3040c4f11668f6bb,ts-order-other-service-6cdbf9b4cc-h7mqk,Session.find other.entity.Order,1674992156495298543,1674992156496069113,770
20e13a6b7878b4be277c2736416a01fc,f29659137e7ef923,3040c4f11668f6bb,ts-order-other-service-6cdbf9b4cc-h7mqk,Transaction.commit,1674992156496078784,1674992156496522449,443
20e13a6b7878b4be277c2736416a01fc,fd891ef31ddafb2c,ec4662834fdf113c,ts-order-other-service-6cdbf9b4cc-h7mqk,SELECT ts.orders_other,1674992156495476596,1674992156495907639,431
6b99b53e02df38954c7d7e9d0fb3dd4c,b26047aff827b790,root,ts-gateway-service-6f6cfc45b-h5m2n,/*,1674992129191000000,1674992129214463431,23463
6b99b53e02df38954c7d7e9d0fb3dd4c,9b686bab8f8872b7,b26047aff827b790,ts-gateway-service-6f6cfc45b-h5m2n,FilteringWebHandler.handle,1674992129191539750,1674992129214211548,22671
6b99b53e02df38954c7d7e9d0fb3dd4c,ac0f93e2068f95c0,b26047aff827b790,ts-gateway-service-6f6cfc45b-h5m2n,HTTP POST,1674992129192390526,1674992129214369809,21979
6b99b53e02df38954c7d7e9d0fb3dd4c,6e56b5245df363df,ac0f93e2068f95c0,ts-inside-payment-service-6f94c49ccd-4rdb2,/api/v1/inside_pay_service/inside_payment,1674992129195000000,1674992129212598228,17598
6b99b53e02df38954c7d7e9d0fb3dd4c,38366cfe94255085,6e56b5245df363df,ts-inside-payment-service-6f94c49ccd-4rdb2,InsidePaymentController.pay,1674992129197329881,1674992129211452044,14122
6b99b53e02df38954c7d7e9d0fb3dd4c,1f23704815aab095,38366cfe94255085,ts-inside-payment-service-6f94c49ccd-4rdb2,HTTP GET,1674992129199254625,1674992129209212770,9958
6b99b53e02df38954c7d7e9d0fb3dd4c,bd7a93201178eeb1,1f23704815aab095,ts-order-service-5b67c48447-mv5hb,/api/v1/orderservice/order/{orderId},1674992129202000000,1674992129207191721,5191
6b99b53e02df38954c7d7e9d0fb3dd4c,d562e7900a5adfdb,bd7a93201178eeb1,ts-order-service-5b67c48447-mv5hb,OrderController.getOrderById,1674992129202631473,1674992129206963569,4332
6b99b53e02df38954c7d7e9d0fb3dd4c,50c56fdec3661000,d562e7900a5adfdb,ts-order-service-5b67c48447-mv5hb,OrderRepository.findById,1674992129203071200,1674992129206478360,3407
6b99b53e02df38954c7d7e9d0fb3dd4c,a005dd5c6a4be0d6,50c56fdec3661000,ts-order-service-5b67c48447-mv5hb,Session.find order.entity.Order,1674992129204571454,1674992129205491569,920
6b99b53e02df38954c7d7e9d0fb3dd4c,97967a1baed2e6e1,50c56fdec3661000,ts-order-service-5b67c48447-mv5hb,Transaction.commit,1674992129205505650,1674992129206153580,647
6b99b53e02df38954c7d7e9d0fb3dd4c,606260aa1d981673,a005dd5c6a4be0d6,ts-order-service-5b67c48447-mv5hb,SELECT ts.orders,1674992129204698832,1674992129205326287,627
f7eb4caaaa822ced7fe9006d067a2868,9020636b7f2d974d,root,ts-gateway-service-6f6cfc45b-h5m2n,/*,1674992163479000000,1674992163915728661,436728
f7eb4caaaa822ced7fe9006d067a2868,29c573bd2295a2fd,9020636b7f2d974d,ts-gateway-service-6f6cfc45b-h5m2n,FilteringWebHandler.handle,1674992163480077781,1674992163915521974,435444
f7eb4caaaa822ced7fe9006d067a2868,0368489dc5a053e5,9020636b7f2d974d,ts-gateway-service-6f6cfc45b-h5m2n,HTTP POST,1674992163480948019,1674992163915690795,434742
f7eb4caaaa822ced7fe9006d067a2868,ba8e9223eba1f1bb,0368489dc5a053e5,ts-travel-service-64469b5b48-25zj6,/api/v1/travelservice/trips/left,1674992163482000000,1674992163914027427,432027
f7eb4caaaa822ced7fe9006d067a2868,7abe6852f33fc260,ba8e9223eba1f1bb,ts-travel-service-64469b5b48-25zj6,TravelController.queryInfo,1674992163483081144,1674992163913623573,430542
f7eb4caaaa822ced7fe9006d067a2868,e2b6cc6d1940f61d,7abe6852f33fc260,ts-travel-service-64469b5b48-25zj6,TripRepository.findAll,1674992163483805490,1674992163485825037,2019
f7eb4caaaa822ced7fe9006d067a2868,29e2d4b4f5f657e7,e2b6cc6d1940f61d,ts-travel-service-64469b5b48-25zj6,SELECT Trip,1674992163484690973,1674992163485301508,610
f7eb4caaaa822ced7fe9006d067a2868,2ef0ce88d156b76c,e2b6cc6d1940f61d,ts-travel-service-64469b5b48-25zj6,Transaction.commit,1674992163485325041,1674992163485667411,342
f7eb4caaaa822ced7fe9006d067a2868,2f6999cf1b201507,29e2d4b4f5f657e7,ts-travel-service-64469b5b48-25zj6,SELECT ts.trip,1674992163484832111,1674992163485192261,360
f7eb4caaaa822ced7fe9006d067a2868,1631671b10f8c20b,7abe6852f33fc260,ts-travel-service-64469b5b48-25zj6,HTTP POST,1674992163486676606,1674992163533991285,47314
f7eb4caaaa822ced7fe9006d067a2868,27dc58410a4cfa1f,7abe6852f33fc260,ts-travel-service-64469b5b48-25zj6,HTTP POST,1674992163535018611,1674992163553871566,18852
f7eb4caaaa822ced7fe9006d067a2868,78eef738d83650ff,7abe6852f33fc260,ts-travel-service-64469b5b48-25zj6,HTTP POST,1674992163554399444,1674992163568875276,14475
f7eb4caaaa822ced7fe9006d067a2868,55d4abf980360b83,7abe6852f33fc260,ts-travel-service-64469b5b48-25zj6,HTTP POST,1674992163569703422,1674992163612788293,43084
f7eb4caaaa822ced7fe9006d067a2868,c0bb7297c4ea450a,7abe6852f33fc260,ts-travel-service-64469b5b48-25zj6,HTTP POST,1674992163613367842,1674992163642982153,29614
f7eb4caaaa822ced7fe9006d067a2868,2018aebf3f7a0306,7abe6852f33fc260,ts-travel-service-64469b5b48-25zj6,HTTP POST,1674992163643744937,1674992163656596257,12851
f7eb4caaaa822ced7fe9006d067a2868,d0023fac0f7e5773,7abe6852f33fc260,ts-travel-service-64469b5b48-25zj6,HTTP POST,1674992163657377640,1674992163912317388,254939
f7eb4caaaa822ced7fe9006d067a2868,c472c6f951e88b6c,1631671b10f8c20b,ts-basic-service-5dc8d4f9fd-46997,/api/v1/basicservice/basic/travels,1674992163490000000,1674992163534018757,44018
f7eb4caaaa822ced7fe9006d067a2868,8eb6887bad1ddcd7,c472c6f951e88b6c,ts-basic-service-5dc8d4f9fd-46997,BasicController.queryForTravels,1674992163490485865,1674992163533891707,43405
f7eb4caaaa822ced7fe9006d067a2868,0813a5b44229aa9a,8eb6887bad1ddcd7,ts-basic-service-5dc8d4f9fd-46997,HTTP POST,1674992163491534712,1674992163495118761,3584
f7eb4caaaa822ced7fe9006d067a2868,698ae6c20d01740f,8eb6887bad1ddcd7,ts-basic-service-5dc8d4f9fd-46997,HTTP POST,1674992163495466736,1674992163501020253,5553
f7eb4caaaa822ced7fe9006d067a2868,146921d1247aeed9,8eb6887bad1ddcd7,ts-basic-service-5dc8d4f9fd-46997,HTTP POST,1674992163501649933,1674992163517627393,15977
f7eb4caaaa822ced7fe9006d067a2868,e03e8092562cbebb,8eb6887bad1ddcd7,ts-basic-service-5dc8d4f9fd-46997,HTTP POST,1674992163518811086,1674992163523857207,5046
f7eb4caaaa822ced7fe9006d067a2868,3e77018a0b96d068,0813a5b44229aa9a,ts-station-service-7f4f5f6f77-5qb6j,/api/v1/stationservice/stations/idlist,1674992163492000000,1674992163494259478,2259
f7eb4caaaa822ced7fe9006d067a2868,766355c727ec43c1,3e77018a0b96d068,ts-station-service-7f4f5f6f77-5qb6j,StationController.queryForIdBatch,1674992163492358647,1674992163494120402,1761
f7eb4caaaa822ced7fe9006d067a2868,69bf910deffb2c17,766355c727ec43c1,ts-station-service-7f4f5f6f77-5qb6j,StationRepository.findByNames,1674992163492887137,1674992163493906034,1018
f7eb4caaaa822ced7fe9006d067a2868,0966e6fdb4395363,69bf910deffb2c17,ts-station-service-7f4f5f6f77-5qb6j,SELECT station,1674992163492996199,1674992163493896877,900
f7eb4caaaa822ced7fe9006d067a2868,4bcf48d1b85b81ad,0966e6fdb4395363,ts-station-service-7f4f5f6f77-5qb6j,SELECT ts.station,1674992163493121835,1674992163493843965,722
f7eb4caaaa822ced7fe9006d067a2868,f02c45dc221ee5ba,698ae6c20d01740f,ts-train-service-86f5f97bc9-dkqmf,/api/v1/trainservice/trains/byNames,1674992163496000000,1674992163499853383,3853
f7eb4caaaa822ced7fe9006d067a2868,afaf9d3c3cb29082,f02c45dc221ee5ba,ts-train-service-86f5f97bc9-dkqmf,TrainController.retrieveByName,1674992163496844677,1674992163499535826,2691
f7eb4caaaa822ced7fe9006d067a2868,5e1b184f3568c2fc,afaf9d3c3cb29082,ts-train-service-86f5f97bc9-dkqmf,TrainTypeRepository.findByNames,1674992163497764148,1674992163499133960,1369
f7eb4caaaa822ced7fe9006d067a2868,c941bfca40bd4e8f,5e1b184f3568c2fc,ts-train-service-86f5f97bc9-dkqmf,SELECT train_type,1674992163497918193,1674992163499116743,1198
f7eb4caaaa822ced7fe9006d067a2868,c65cb5f7ee220c92,c941bfca40bd4e8f,ts-train-service-86f5f97bc9-dkqmf,SELECT ts.train_type,1674992163498083117,1674992163499017950,934
f7eb4caaaa822ced7fe9006d067a2868,18f89127aa16c981,146921d1247aeed9,ts-route-service-b6c59fb57-zv8dt,/api/v1/routeservice/routes/byIds/,1674992163503000000,1674992163517288494,14288
f7eb4caaaa822ced7fe9006d067a2868,9dd22ce4779fca65,18f89127aa16c981,ts-route-service-b6c59fb57-zv8dt,RouteController.queryByIds,1674992163504379170,1674992163516735559,12356
f7eb4caaaa822ced7fe9006d067a2868,0645abb4ffa8b965,9dd22ce4779fca65,ts-route-service-b6c59fb57-zv8dt,RouteRepository.findByIds,1674992163505774738,1674992163507672455,1897
f7eb4caaaa822ced7fe9006d067a2868,f7f1225f6ef772ae,0645abb4ffa8b965,ts-route-service-b6c59fb57-zv8dt,SELECT route,1674992163506039483,1674992163507651250,1611
f7eb4caaaa822ced7fe9006d067a2868,65483e132fef267c,f7f1225f6ef772ae,ts-route-service-b6c59fb57-zv8dt,SELECT ts.route,1674992163506375620,1674992163507406072,1030
f7eb4caaaa822ced7fe9006d067a2868,744631b3579af7c7,9dd22ce4779fca65,ts-route-service-b6c59fb57-zv8dt,SELECT ts.route_stations,1674992163507979830,1674992163508814431,834
f7eb4caaaa822ced7fe9006d067a2868,aca7bd9bbf44e685,9dd22ce4779fca65,ts-route-service-b6c59fb57-zv8dt,SELECT ts.route_distances,1674992163508946890,1674992163509728144,781
f7eb4caaaa822ced7fe9006d067a2868,bed50ebd5e81ad10,9dd22ce4779fca65,ts-route-service-b6c59fb57-zv8dt,SELECT ts.route_stations,1674992163509830922,1674992163510554450,723
f7eb4caaaa822ced7fe9006d067a2868,1bf56b1f93a627f6,9dd22ce4779fca65,ts-route-service-b6c59fb57-zv8dt,SELECT ts.route_distances,1674992163510651050,1674992163511411831,760
f7eb4caaaa822ced7fe9006d067a2868,4a4918fe3919ab63,9dd22ce4779fca65,ts-route-service-b6c59fb57-zv8dt,SELECT ts.route_stations,1674992163511555254,1674992163512297870,742
f7eb4caaaa822ced7fe9006d067a2868,88a9d6c051d488ad,9dd22ce4779fca65,ts-route-service-b6c59fb57-zv8dt,SELECT ts.route_distances,1674992163512399157,1674992163513136241,737
f7eb4caaaa822ced7fe9006d067a2868,bce4cbcf57ac1875,9dd22ce4779fca65,ts-route-service-b6c59fb57-zv8dt,SELECT ts.route_stations,1674992163513227605,1674992163513962341,734
f7eb4caaaa822ced7fe9006d067a2868,ded57b5b645ab2de,9dd22ce4779fca65,ts-route-service-b6c59fb57-zv8dt,SELECT ts.route_distances,1674992163514051701,1674992163514802564,750
f7eb4caaaa822ced7fe9006d067a2868,bbfe16aebec0440b,9dd22ce4779fca65,ts-route-service-b6c59fb57-zv8dt,SELECT ts.route_stations,1674992163514887120,1674992163515679793,792
f7eb4caaaa822ced7fe9006d067a2868,283df59c4cebb92d,9dd22ce4779fca65,ts-route-service-b6c59fb57-zv8dt,SELECT ts.route_distances,1674992163515763747,1674992163516474762,711
f7eb4caaaa822ced7fe9006d067a2868,67c71b1d4358ee6b,e03e8092562cbebb,ts-price-service-76846864d9-g465z,/api/v1/priceservice/prices/byRouteIdsAndTrainTypes,1674992163520000000,1674992163523145821,3145
f7eb4caaaa822ced7fe9006d067a2868,9f82758e81ccf35c,67c71b1d4358ee6b,ts-price-service-76846864d9-g465z,PriceController.query,1674992163520612757,1674992163522958583,2345
f7eb4caaaa822ced7fe9006d067a2868,21fa54fc70a9c2a4,9f82758e81ccf35c,ts-price-service-76846864d9-g465z,PriceConfigRepository.findByRouteIdsAndTrainTypes,1674992163521444569,1674992163522709822,1265
f7eb4caaaa822ced7fe9006d067a2868,3fe56886925e16aa,21fa54fc70a9c2a4,ts-price-service-76846864d9-g465z,SELECT price_config,1674992163521630695,1674992163522697148,1066
f7eb4caaaa822ced7fe9006d067a2868,b9149be152800a59,3fe56886925e16aa,ts-price-service-76846864d9-g465z,SELECT ts.price_config,1674992163521807331,1674992163522612547,805
f7eb4caaaa822ced7fe9006d067a2868,c612293f99132783,27dc58410a4cfa1f,ts-seat-service-5c95b49cff-tdsdz,/api/v1/seatservice/seats/left_tickets,1674992163538000000,1674992163553268114,15268
f7eb4caaaa822ced7fe9006d067a2868,b894038420b76104,78eef738d83650ff,ts-seat-service-5c95b49cff-tdsdz,/api/v1/seatservice/seats/left_tickets,1674992163556000000,1674992163567942180,11942
f7eb4caaaa822ced7fe9006d067a2868,cdccca2ce32cf85b,c612293f99132783,ts-seat-service-5c95b49cff-tdsdz,SeatController.getLeftTicketOfInterval,1674992163538448965,1674992163553012984,14564
f7eb4caaaa822ced7fe9006d067a2868,0f3a6a6b9ab29c6a,b894038420b76104,ts-seat-service-5c95b49cff-tdsdz,SeatController.getLeftTicketOfInterval,1674992163556410455,1674992163567721318,11310
f7eb4caaaa822ced7fe9006d067a2868,e276b81215c02195,cdccca2ce32cf85b,ts-seat-service-5c95b49cff-tdsdz,HTTP POST,1674992163540178591,1674992163546691428,6512
f7eb4caaaa822ced7fe9006d067a2868,e5cd62f54c43a3b5,cdccca2ce32cf85b,ts-seat-service-5c95b49cff-tdsdz,HTTP GET,1674992163547861509,1674992163551948080,4086
f7eb4caaaa822ced7fe9006d067a2868,4ed5673c6f75f954,0f3a6a6b9ab29c6a,ts-seat-service-5c95b49cff-tdsdz,HTTP POST,1674992163558114301,1674992163562219414,4105
f7eb4caaaa822ced7fe9006d067a2868,24017c6dc3f45a67,0f3a6a6b9ab29c6a,ts-seat-service-5c95b49cff-tdsdz,HTTP GET,1674992163563105080,1674992163566791662,3686
f7eb4caaaa822ced7fe9006d067a2868,010bccc8dfe819d9,e276b81215c02195,ts-order-service-5b67c48447-mv5hb,/api/v1/orderservice/order/tickets,1674992163543000000,1674992163546001695,3001
f7eb4caaaa822ced7fe9006d067a2868,423517d9229125b7,4ed5673c6f75f954,ts-order-service-5b67c48447-mv5hb,/api/v1/orderservice/order/tickets,1674992163560000000,1674992163561923287,1923
f7eb4caaaa822ced7fe9006d067a2868,f53a2480ec345507,97eefdd78d49d89b,ts-order-service-5b67c48447-mv5hb,/api/v1/orderservice/order/tickets,1674992163584000000,1674992163585955288,1955
f7eb4caaaa822ced7fe9006d067a2868,7decf0a581a723c7,bccd96ec73c34107,ts-order-service-5b67c48447-mv5hb,/api/v1/orderservice/order/tickets,1674992163634000000,1674992163635976380,1976
f7eb4caaaa822ced7fe9006d067a2868,63e06c25daab8511,8b49cab4a1993eff,ts-order-service-5b67c48447-mv5hb,/api/v1/orderservice/order/tickets,1674992163649000000,1674992163650804271,1804
f7eb4caaaa822ced7fe9006d067a2868,3fac186a131cea66,cae66c4d7ee21bab,ts-order-service-5b67c48447-mv5hb,/api/v1/orderservice/order/tickets,1674992163886000000,1674992163888469535,2469
f7eb4caaaa822ced7fe9006d067a2868,d6e2c0fc4ef24528,010bccc8dfe819d9,ts-order-service-5b67c48447-mv5hb,OrderController.getTicketListByDateAndTripId,1674992163543379743,1674992163545875613,2495
f7eb4caaaa822ced7fe9006d067a2868,37b4d6dc15d86ce8,423517d9229125b7,ts-order-service-5b67c48447-mv5hb,OrderController.getTicketListByDateAndTripId,1674992163560214726,1674992163561833188,1618
f7eb4caaaa822ced7fe9006d067a2868,4f0786796c32bc2d,f53a2480ec345507,ts-order-service-5b67c48447-mv5hb,OrderController.getTicketListByDateAndTripId,1674992163584197772,1674992163585861365,1663
f7eb4caaaa822ced7fe9006d067a2868,b96b409bcb6cb375,7decf0a581a723c7,ts-order-service-5b67c48447-mv5hb,OrderController.getTicketListByDateAndTripId,1674992163634240294,1674992163635879363,1639
f7eb4caaaa822ced7fe9006d067a2868,fccf1122b865083d,63e06c25daab8511,ts-order-service-5b67c48447-mv5hb,OrderController.getTicketListByDateAndTripId,1674992163649184939,1674992163650716813,1531
f7eb4caaaa822ced7fe9006d067a2868,e224e141643defba,3fac186a131cea66,ts-order-service-5b67c48447-mv5hb,OrderController.getTicketListByDateAndTripId,1674992163886335853,1674992163888348577,2012
f7eb4caaaa822ced7fe9006d067a2868,73da273fb3eacc26,d6e2c0fc4ef24528,ts-order-service-5b67c48447-mv5hb,OrderRepository.findByTravelDateAndTrainNumber,1674992163543945973,1674992163545399366,1453
f7eb4caaaa822ced7fe9006d067a2868,906596efa3ac4767,37b4d6dc15d86ce8,ts-order-service-5b67c48447-mv5hb,OrderRepository.findByTravelDateAndTrainNumber,1674992163560522693,1674992163561479538,956
f7eb4caaaa822ced7fe9006d067a2868,775a9aa5d589e855,4f0786796c32bc2d,ts-order-service-5b67c48447-mv5hb,OrderRepository.findByTravelDateAndTrainNumber,1674992163584502861,1674992163585456378,953
f7eb4caaaa822ced7fe9006d067a2868,7df512f2553e023f,b96b409bcb6cb375,ts-order-service-5b67c48447-mv5hb,OrderRepository.findByTravelDateAndTrainNumber,1674992163634598837,1674992163635539164,940
f7eb4caaaa822ced7fe9006d067a2868,dce0496d7ff1b9b1,fccf1122b865083d,ts-order-service-5b67c48447-mv5hb,OrderRepository.findByTravelDateAndTrainNumber,1674992163649481040,1674992163650407573,926
f7eb4caaaa822ced7fe9006d067a2868,391932305ab3577d,e224e141643defba,ts-order-service-5b67c48447-mv5hb,OrderRepository.findByTravelDateAndTrainNumber,1674992163886824127,1674992163887967916,1143
f7eb4caaaa822ced7fe9006d067a2868,2fbaba4079fef741,73da273fb3eacc26,ts-order-service-5b67c48447-mv5hb,SELECT Order,1674992163544002745,1674992163545390504,1387
f7eb4caaaa822ced7fe9006d067a2868,3ce95caf00bc2412,906596efa3ac4767,ts-order-service-5b67c48447-mv5hb,SELECT Order,1674992163560574190,1674992163561474126,899
f7eb4caaaa822ced7fe9006d067a2868,d0440c7193a8e0bb,775a9aa5d589e855,ts-order-service-5b67c48447-mv5hb,SELECT Order,1674992163584543532,1674992163585449545,906
f7eb4caaaa822ced7fe9006d067a2868,0da8fa6654d0cded,7df512f2553e023f,ts-order-service-5b67c48447-mv5hb,SELECT Order,1674992163634636908,1674992163635534347,897
f7eb4caaaa822ced7fe9006d067a2868,b7c4c4ec59210a94,dce0496d7ff1b9b1,ts-order-service-5b67c48447-mv5hb,SELECT Order,1674992163649514640,1674992163650403038,888
f7eb4caaaa822ced7fe9006d067a2868,5e6d283c6a7eb05b,391932305ab3577d,ts-order-service-5b67c48447-mv5hb,SELECT Order,1674992163886885628,1674992163887959920,1074
f7eb4caaaa822ced7fe9006d067a2868,258759aa889618d0,2fbaba4079fef741,ts-order-service-5b67c48447-mv5hb,SELECT ts.orders,1674992163544583823,1674992163545378953,795
f7eb4caaaa822ced7fe9006d067a2868,0a32dbe166cd08f6,3ce95caf00bc2412,ts-order-service-5b67c48447-mv5hb,SELECT ts.orders,1674992163560618718,1674992163561466437,847
f7eb4caaaa822ced7fe9006d067a2868,d58c958f3e573d25,d0440c7193a8e0bb,ts-order-service-5b67c48447-mv5hb,SELECT ts.orders,1674992163584594058,1674992163585438245,844
f7eb4caaaa822ced7fe9006d067a2868,f27b707b20e45f09,0da8fa6654d0cded,ts-order-service-5b67c48447-mv5hb,SELECT ts.orders,1674992163634686373,1674992163635525626,839
f7eb4caaaa822ced7fe9006d067a2868,329b7dac269e9d12,b7c4c4ec59210a94,ts-order-service-5b67c48447-mv5hb,SELECT ts.orders,1674992163649562052,1674992163650395539,833
f7eb4caaaa822ced7fe9006d067a2868,daf99a398985853f,5e6d283c6a7eb05b,ts-order-service-5b67c48447-mv5hb,SELECT ts.orders,1674992163886961583,1674992163887948083,986
f7eb4caaaa822ced7fe9006d067a2868,e2f8cdce3a40ba36,e5cd62f54c43a3b5,ts-config-service-5fcd447d84-wxwjd,/api/v1/configservice/configs/{configName},1674992163549000000,1674992163550318744,1318
f7eb4caaaa822ced7fe9006d067a2868,1d7d192a56f2a8d1,24017c6dc3f45a67,ts-config-service-5fcd447d84-wxwjd,/api/v1/configservice/configs/{configName},1674992163564000000,1674992163565338522,1338
f7eb4caaaa822ced7fe9006d067a2868,719e4abaf6de6fd0,9404f1aca6a46be0,ts-config-service-5fcd447d84-wxwjd,/api/v1/configservice/configs/{configName},1674992163609000000,1674992163610447245,1447
f7eb4caaaa822ced7fe9006d067a2868,466a23cdc9232081,01f85acda581af6d,ts-config-service-5fcd447d84-wxwjd,/api/v1/configservice/configs/{configName},1674992163639000000,1674992163640256693,1256
f7eb4caaaa822ced7fe9006d067a2868,2356071c7813cadf,6f7bd69c290e6c2d,ts-config-service-5fcd447d84-wxwjd,/api/v1/configservice/configs/{configName},1674992163653000000,1674992163654381894,1381
f7eb4caaaa822ced7fe9006d067a2868,b929ab9f81b056e5,8f6338e52c0b356e,ts-config-service-5fcd447d84-wxwjd,/api/v1/configservice/configs/{configName},1674992163908000000,1674992163909727819,1727
f7eb4caaaa822ced7fe9006d067a2868,6c6b353ba05fc204,e2f8cdce3a40ba36,ts-config-service-5fcd447d84-wxwjd,ConfigController.retrieve,1674992163549190998,1674992163550228237,1037
f7eb4caaaa822ced7fe9006d067a2868,71e013f1716369b0,1d7d192a56f2a8d1,ts-config-service-5fcd447d84-wxwjd,ConfigController.retrieve,1674992163564207332,1674992163565237335,1030
f7eb4caaaa822ced7fe9006d067a2868,31b2e9b0cf047b31,719e4abaf6de6fd0,ts-config-service-5fcd447d84-wxwjd,ConfigController.retrieve,1674992163609197579,1674992163610355885,1158
f7eb4caaaa822ced7fe9006d067a2868,57b3f6dacc19f5b1,466a23cdc9232081,ts-config-service-5fcd447d84-wxwjd,ConfigController.retrieve,1674992163639208163,1674992163640168536,960
f7eb4caaaa822ced7fe9006d067a2868,0b6d03d719751161,2356071c7813cadf,ts-config-service-5fcd447d84-wxwjd,ConfigController.retrieve,1674992163653243918,1674992163654294006,1050
f7eb4caaaa822ced7fe9006d067a2868,01a0b022dff3b933,b929ab9f81b056e5,ts-config-service-5fcd447d84-wxwjd,ConfigController.retrieve,1674992163908216598,1674992163909626286,1409
f7eb4caaaa822ced7fe9006d067a2868,fadf51737eb236a8,6c6b353ba05fc204,ts-config-service-5fcd447d84-wxwjd,ConfigRepository.findByName,1674992163549411150,1674992163549887277,476
f7eb4caaaa822ced7fe9006d067a2868,0ba5802205f73194,71e013f1716369b0,ts-config-service-5fcd447d84-wxwjd,ConfigRepository.findByName,1674992163564411374,1674992163564908432,497
f7eb4caaaa822ced7fe9006d067a2868,e79fb4a0a0cbef3e,31b2e9b0cf047b31,ts-config-service-5fcd447d84-wxwjd,ConfigRepository.findByName,1674992163609432822,1674992163610029885,597
f7eb4caaaa822ced7fe9006d067a2868,dcd24d012aa1de9e,57b3f6dacc19f5b1,ts-config-service-5fcd447d84-wxwjd,ConfigRepository.findByName,1674992163639416909,1674992163639851962,435
f7eb4caaaa822ced7fe9006d067a2868,2619bcf3775a8b70,0b6d03d719751161,ts-config-service-5fcd447d84-wxwjd,ConfigRepository.findByName,1674992163653504740,1674992163653957236,452
f7eb4caaaa822ced7fe9006d067a2868,d25d7b0e378a5451,01a0b022dff3b933,ts-config-service-5fcd447d84-wxwjd,ConfigRepository.findByName,1674992163908469540,1674992163909241932,772
f7eb4caaaa822ced7fe9006d067a2868,fb99bb8ec180cb77,fadf51737eb236a8,ts-config-service-5fcd447d84-wxwjd,SELECT Config,1674992163549445280,1674992163549884915,439
f7eb4caaaa822ced7fe9006d067a2868,16277542d31e1805,0ba5802205f73194,ts-config-service-5fcd447d84-wxwjd,SELECT Config,1674992163564440976,1674992163564906339,465
f7eb4caaaa822ced7fe9006d067a2868,c635435695462d4f,e79fb4a0a0cbef3e,ts-config-service-5fcd447d84-wxwjd,SELECT Config,1674992163609464863,1674992163610027768,562
f7eb4caaaa822ced7fe9006d067a2868,fbf03a1a0266e402,dcd24d012aa1de9e,ts-config-service-5fcd447d84-wxwjd,SELECT Config,1674992163639445613,1674992163639849861,404
f7eb4caaaa822ced7fe9006d067a2868,830cfbabd49b93c1,2619bcf3775a8b70,ts-config-service-5fcd447d84-wxwjd,SELECT Config,1674992163653536101,1674992163653954604,418
f7eb4caaaa822ced7fe9006d067a2868,2be9b2173eea368c,d25d7b0e378a5451,ts-config-service-5fcd447d84-wxwjd,SELECT Config,1674992163908505132,1674992163909239531,734
f7eb4caaaa822ced7fe9006d067a2868,4767bd3221265c24,fb99bb8ec180cb77,ts-config-service-5fcd447d84-wxwjd,SELECT ts.config,1674992163549482018,1674992163549864826,382
f7eb4caaaa822ced7fe9006d067a2868,8d89a5d60b0a41b9,16277542d31e1805,ts-config-service-5fcd447d84-wxwjd,SELECT ts.config,1674992163564476686,1674992163564880812,404
f7eb4caaaa822ced7fe9006d067a2868,85ba8259e305d764,c635435695462d4f,ts-config-service-5fcd447d84-wxwjd,SELECT ts.config,1674992163609500963,1674992163609999559,498
f7eb4caaaa822ced7fe9006d067a2868,eaf3fe1fd7b39c55,fbf03a1a0266e402,ts-config-service-5fcd447d84-wxwjd,SELECT ts.config,1674992163639482639,1674992163639824809,342
f7eb4caaaa822ced7fe9006d067a2868,88257d71f9abb8b4,830cfbabd49b93c1,ts-config-service-5fcd447d84-wxwjd,SELECT ts.config,1674992163653575968,1674992163653930295,354
f7eb4caaaa822ced7fe9006d067a2868,f48997d1280b9467,2be9b2173eea368c,ts-config-service-5fcd447d84-wxwjd,SELECT ts.config,1674992163908547687,1674992163909213449,665
f7eb4caaaa822ced7fe9006d067a2868,a8211a6917a9ef74,55d4abf980360b83,ts-seat-service-5c95b49cff-tdsdz,/api/v1/seatservice/seats/left_tickets,1674992163571000000,1674992163611921989,40921
f7eb4caaaa822ced7fe9006d067a2868,e1f53630b07fd379,c0bb7297c4ea450a,ts-seat-service-5c95b49cff-tdsdz,/api/v1/seatservice/seats/left_tickets,1674992163631000000,1674992163642784162,11784
f7eb4caaaa822ced7fe9006d067a2868,c26d838959da1b76,2018aebf3f7a0306,ts-seat-service-5c95b49cff-tdsdz,/api/v1/seatservice/seats/left_tickets,1674992163645000000,1674992163656345315,11345
f7eb4caaaa822ced7fe9006d067a2868,faba302e54c0dfc0,d0023fac0f7e5773,ts-seat-service-5c95b49cff-tdsdz,/api/v1/seatservice/seats/left_tickets,1674992163882000000,1674992163911788481,29788
f7eb4caaaa822ced7fe9006d067a2868,37b0e5f0279110c9,a8211a6917a9ef74,ts-seat-service-5c95b49cff-tdsdz,SeatController.getLeftTicketOfInterval,1674992163571384876,1674992163611749076,40364
f7eb4caaaa822ced7fe9006d067a2868,3c02470e8ee35157,e1f53630b07fd379,ts-seat-service-5c95b49cff-tdsdz,SeatController.getLeftTicketOfInterval,1674992163631426916,1674992163642590351,11163
f7eb4caaaa822ced7fe9006d067a2868,e26758557c084a6d,c26d838959da1b76,ts-seat-service-5c95b49cff-tdsdz,SeatController.getLeftTicketOfInterval,1674992163645398273,1674992163656160409,10762
f7eb4caaaa822ced7fe9006d067a2868,dcd5f36e7d544de8,faba302e54c0dfc0,ts-seat-service-5c95b49cff-tdsdz,SeatController.getLeftTicketOfInterval,1674992163882368918,1674992163911593306,29224
f7eb4caaaa822ced7fe9006d067a2868,97eefdd78d49d89b,37b0e5f0279110c9,ts-seat-service-5c95b49cff-tdsdz,HTTP POST,1674992163573017940,1674992163606160798,33142
f7eb4caaaa822ced7fe9006d067a2868,9404f1aca6a46be0,37b0e5f0279110c9,ts-seat-service-5c95b49cff-tdsdz,HTTP GET,1674992163607026337,1674992163610840083,3813
f7eb4caaaa822ced7fe9006d067a2868,bccd96ec73c34107,3c02470e8ee35157,ts-seat-service-5c95b49cff-tdsdz,HTTP POST,1674992163633049680,1674992163637509960,4460
f7eb4caaaa822ced7fe9006d067a2868,01f85acda581af6d,3c02470e8ee35157,ts-seat-service-5c95b49cff-tdsdz,HTTP GET,1674992163638329052,1674992163641615299,3286
f7eb4caaaa822ced7fe9006d067a2868,8b49cab4a1993eff,e26758557c084a6d,ts-seat-service-5c95b49cff-tdsdz,HTTP POST,1674992163647054226,1674992163651053555,3999
f7eb4caaaa822ced7fe9006d067a2868,6f7bd69c290e6c2d,e26758557c084a6d,ts-seat-service-5c95b49cff-tdsdz,HTTP GET,1674992163651951340,1674992163655237553,3286
f7eb4caaaa822ced7fe9006d067a2868,cae66c4d7ee21bab,dcd5f36e7d544de8,ts-seat-service-5c95b49cff-tdsdz,HTTP POST,1674992163884034764,1674992163906021256,21986
f7eb4caaaa822ced7fe9006d067a2868,8f6338e52c0b356e,dcd5f36e7d544de8,ts-seat-service-5c95b49cff-tdsdz,HTTP GET,1674992163906899473,1674992163910576061,3676
295f9faccb534d3edfe6faf235a3adc7,dca5ea2c01904417,root,ts-gateway-service-6f6cfc45b-h5m2n,/*,1674992125922000000,1674992126122152306,200152
295f9faccb534d3edfe6faf235a3adc7,93a6b74c422ec085,dca5ea2c01904417,ts-gateway-service-6f6cfc45b-h5m2n,FilteringWebHandler.handle,1674992125957214727,1674992126121983187,164768
295f9faccb534d3edfe6faf235a3adc7,1dc1ebb0d2b0c2be,dca5ea2c01904417,ts-gateway-service-6f6cfc45b-h5m2n,HTTP POST,1674992125962379527,1674992126122109213,159729
295f9faccb534d3edfe6faf235a3adc7,ac0611ff0871a2e9,1dc1ebb0d2b0c2be,ts-inside-payment-service-6f94c49ccd-4rdb2,/api/v1/inside_pay_service/inside_payment,1674992125966000000,1674992126120532006,154532
295f9faccb534d3edfe6faf235a3adc7,1bd2023f463a3fe0,ac0611ff0871a2e9,ts-inside-payment-service-6f94c49ccd-4rdb2,InsidePaymentController.pay,1674992125969739898,1674992126119363777,149623
295f9faccb534d3edfe6faf235a3adc7,e11790123e860922,1bd2023f463a3fe0,ts-inside-payment-service-6f94c49ccd-4rdb2,HTTP GET,1674992125972820804,1674992125983662775,10841
295f9faccb534d3edfe6faf235a3adc7,1e85429892c92e55,1bd2023f463a3fe0,ts-inside-payment-service-6f94c49ccd-4rdb2,HTTP POST,1674992126075113908,1674992126099339484,24225
295f9faccb534d3edfe6faf235a3adc7,7af46107163fbbae,1bd2023f463a3fe0,ts-inside-payment-service-6f94c49ccd-4rdb2,HTTP GET,1674992126107928478,1674992126118415979,10487
295f9faccb534d3edfe6faf235a3adc7,cd40244a21ad4339,e11790123e860922,ts-order-service-5b67c48447-mv5hb,/api/v1/orderservice/order/{orderId},1674992125976000000,1674992125981196699,5196
295f9faccb534d3edfe6faf235a3adc7,31d4b0aa09adc101,7af46107163fbbae,ts-order-service-5b67c48447-mv5hb,/api/v1/orderservice/order/status/{orderId}/{status},1674992126109000000,1674992126116844532,7844
295f9faccb534d3edfe6faf235a3adc7,2972e83fe3633aad,cd40244a21ad4339,ts-order-service-5b67c48447-mv5hb,OrderController.getOrderById,1674992125976678233,1674992125980934842,4256
295f9faccb534d3edfe6faf235a3adc7,6eba0a090f9b1d6e,31d4b0aa09adc101,ts-order-service-5b67c48447-mv5hb,OrderController.modifyOrder,1674992126109638624,1674992126116648909,7010
295f9faccb534d3edfe6faf235a3adc7,5708e2d16a05327a,2972e83fe3633aad,ts-order-service-5b67c48447-mv5hb,OrderRepository.findById,1674992125977182556,1674992125980439644,3257
295f9faccb534d3edfe6faf235a3adc7,35a9123ea1d18c18,6eba0a090f9b1d6e,ts-order-service-5b67c48447-mv5hb,OrderRepository.findById,1674992126110103022,1674992126113047283,2944
295f9faccb534d3edfe6faf235a3adc7,e977b57eac8dc473,6eba0a090f9b1d6e,ts-order-service-5b67c48447-mv5hb,OrderRepository.save,1674992126113054627,1674992126116165720,3111
295f9faccb534d3edfe6faf235a3adc7,567951c382a3a768,5708e2d16a05327a,ts-order-service-5b67c48447-mv5hb,Session.find order.entity.Order,1674992125978607926,1674992125979441643,833
295f9faccb534d3edfe6faf235a3adc7,67ba731e7c1caaa5,5708e2d16a05327a,ts-order-service-5b67c48447-mv5hb,Transaction.commit,1674992125979467560,1674992125980113755,646
295f9faccb534d3edfe6faf235a3adc7,f4e711a20861ddfc,35a9123ea1d18c18,ts-order-service-5b67c48447-mv5hb,Session.find order.entity.Order,1674992126111342482,1674992126112061227,718
295f9faccb534d3edfe6faf235a3adc7,d7d8204334f8bbc1,35a9123ea1d18c18,ts-order-service-5b67c48447-mv5hb,Transaction.commit,1674992126112074993,1674992126112709428,634
295f9faccb534d3edfe6faf235a3adc7,40c1dd9cf8f473ae,e977b57eac8dc473,ts-order-service-5b67c48447-mv5hb,Session.merge order.entity.Order,1674992126113417265,1674992126113454211,36
295f9faccb534d3edfe6faf235a3adc7,9d88e5b88c36b269,e977b57eac8dc473,ts-order-service-5b67c48447-mv5hb,Transaction.commit,1674992126113458712,1674992126116156125,2697
295f9faccb534d3edfe6faf235a3adc7,76d5c075a5a3e0cd,567951c382a3a768,ts-order-service-5b67c48447-mv5hb,SELECT ts.orders,1674992125978733286,1674992125979319339,586
295f9faccb534d3edfe6faf235a3adc7,1b09b8d7c29e4d49,f4e711a20861ddfc,ts-order-service-5b67c48447-mv5hb,SELECT ts.orders,1674992126111438963,1674992126111943020,504
295f9faccb534d3edfe6faf235a3adc7,150d9df389757cbb,9d88e5b88c36b269,ts-order-service-5b67c48447-mv5hb,UPDATE ts.orders,1674992126113573824,1674992126115449388,1875
295f9faccb534d3edfe6faf235a3adc7,87ad0d310e9f2ff3,1bd2023f463a3fe0,ts-inside-payment-service-6f94c49ccd-4rdb2,PaymentRepository.findByUserId,1674992125984445064,1674992126072250417,87805
295f9faccb534d3edfe6faf235a3adc7,ece3944002aba9a0,1bd2023f463a3fe0,ts-inside-payment-service-6f94c49ccd-4rdb2,AddMoneyRepository.findByUserId,1674992126072303186,1674992126074122164,1818
295f9faccb534d3edfe6faf235a3adc7,b261752b404847bb,1bd2023f463a3fe0,ts-inside-payment-service-6f94c49ccd-4rdb2,PaymentRepository.save,1674992126101169367,1674992126107308929,6139
295f9faccb534d3edfe6faf235a3adc7,0615596a2317785e,87ad0d310e9f2ff3,ts-inside-payment-service-6f94c49ccd-4rdb2,SELECT Payment,1674992125985019647,1674992126072183091,87163
295f9faccb534d3edfe6faf235a3adc7,7688c4f1b49f8942,ece3944002aba9a0,ts-inside-payment-service-6f94c49ccd-4rdb2,SELECT Money,1674992126072601218,1674992126074089651,1488
295f9faccb534d3edfe6faf235a3adc7,08ac2a81d513da24,b261752b404847bb,ts-inside-payment-service-6f94c49ccd-4rdb2,Session.persist inside_payment.entity.Payment,1674992126102204854,1674992126102400557,195
295f9faccb534d3edfe6faf235a3adc7,072330916c8cb396,b261752b404847bb,ts-inside-payment-service-6f94c49ccd-4rdb2,Transaction.commit,1674992126102434959,1674992126107274312,4839
295f9faccb534d3edfe6faf235a3adc7,8bb837df66c46f58,0615596a2317785e,ts-inside-payment-service-6f94c49ccd-4rdb2,SELECT ts.inside_payment,1674992125986382170,1674992126067478932,81096
295f9faccb534d3edfe6faf235a3adc7,67d989bdcffd440b,7688c4f1b49f8942,ts-inside-payment-service-6f94c49ccd-4rdb2,SELECT ts.inside_money,1674992126072773914,1674992126073769836,995
295f9faccb534d3edfe6faf235a3adc7,c8a07fbba070f694,072330916c8cb396,ts-inside-payment-service-6f94c49ccd-4rdb2,INSERT ts.inside_payment,1674992126103755714,1674992126105877509,2121
295f9faccb534d3edfe6faf235a3adc7,6f733b1c624e287e,1e85429892c92e55,ts-payment-service-7fc6f5476f-cr76x,/api/v1/paymentservice/payment,1674992126081000000,1674992126099133331,18133
295f9faccb534d3edfe6faf235a3adc7,956abc538b3e950f,6f733b1c624e287e,ts-payment-service-7fc6f5476f-cr76x,PaymentController.pay,1674992126084130584,1674992126097918379,13787
295f9faccb534d3edfe6faf235a3adc7,fc66b1c3a41a53ae,956abc538b3e950f,ts-payment-service-7fc6f5476f-cr76x,PaymentRepository.findByOrderId,1674992126085953466,1674992126089424298,3470
295f9faccb534d3edfe6faf235a3adc7,0624dcfcb95b3563,956abc538b3e950f,ts-payment-service-7fc6f5476f-cr76x,PaymentRepository.save,1674992126089473845,1674992126096799186,7325
295f9faccb534d3edfe6faf235a3adc7,854879ecaff468bc,fc66b1c3a41a53ae,ts-payment-service-7fc6f5476f-cr76x,SELECT Payment,1674992126086460695,1674992126089294859,2834
295f9faccb534d3edfe6faf235a3adc7,539bb98ca8290361,0624dcfcb95b3563,ts-payment-service-7fc6f5476f-cr76x,Session.merge com.trainticket.entity.Payment,1674992126090401641,1674992126092282253,1880
295f9faccb534d3edfe6faf235a3adc7,f67472d4f795cc02,0624dcfcb95b3563,ts-payment-service-7fc6f5476f-cr76x,Transaction.commit,1674992126092344449,1674992126096738203,4393
295f9faccb534d3edfe6faf235a3adc7,ea93555bf0d8e052,854879ecaff468bc,ts-payment-service-7fc6f5476f-cr76x,SELECT ts.payment,1674992126087849427,1674992126088874794,1025
295f9faccb534d3edfe6faf235a3adc7,2e3b25eba82f11d3,539bb98ca8290361,ts-payment-service-7fc6f5476f-cr76x,SELECT ts.payment,1674992126090815271,1674992126091655386,840
295f9faccb534d3edfe6faf235a3adc7,6a023d7b311df664,f67472d4f795cc02,ts-payment-service-7fc6f5476f-cr76x,INSERT ts.payment,1674992126092780123,1674992126095492002,2711
